3.000000000000000000e+00 3.000000000000000000e+00 3.000000000000000000e+00 9.115457375844319629e-03
3.000000000000000000e+00 3.000000000000000000e+00 4.000000000000000000e+00 9.204488833745321300e-03
3.000000000000000000e+00 3.000000000000000000e+00 5.000000000000000000e+00 9.213101784388224094e-03
3.000000000000000000e+00 3.000000000000000000e+00 6.000000000000000000e+00 9.419264078140259996e-03
3.000000000000000000e+00 3.000000000000000000e+00 7.000000000000000000e+00 9.665662447611489752e-03
3.000000000000000000e+00 3.000000000000000000e+00 8.000000000000000000e+00 1.002977029482523576e-02
3.000000000000000000e+00 3.000000000000000000e+00 9.000000000000000000e+00 1.284110927581787187e-02
3.000000000000000000e+00 3.000000000000000000e+00 1.000000000000000000e+01 1.214787586530049514e-02
3.000000000000000000e+00 4.000000000000000000e+00 3.000000000000000000e+00 9.176417430241902082e-03
3.000000000000000000e+00 4.000000000000000000e+00 4.000000000000000000e+00 9.147516012191771531e-03
3.000000000000000000e+00 4.000000000000000000e+00 5.000000000000000000e+00 9.293484369913737955e-03
3.000000000000000000e+00 4.000000000000000000e+00 6.000000000000000000e+00 9.435238122940064684e-03
3.000000000000000000e+00 4.000000000000000000e+00 7.000000000000000000e+00 9.651438792546590886e-03
3.000000000000000000e+00 4.000000000000000000e+00 8.000000000000000000e+00 1.015908622741699269e-02
3.000000000000000000e+00 4.000000000000000000e+00 9.000000000000000000e+00 1.290935214360555000e-02
3.000000000000000000e+00 4.000000000000000000e+00 1.000000000000000000e+01 1.224449475606282506e-02
3.000000000000000000e+00 5.000000000000000000e+00 3.000000000000000000e+00 9.245286941528318980e-03
3.000000000000000000e+00 5.000000000000000000e+00 4.000000000000000000e+00 9.210059960683187122e-03
3.000000000000000000e+00 5.000000000000000000e+00 5.000000000000000000e+00 9.342431545257568262e-03
3.000000000000000000e+00 5.000000000000000000e+00 6.000000000000000000e+00 9.503083149592082488e-03
3.000000000000000000e+00 5.000000000000000000e+00 7.000000000000000000e+00 9.706657489140827280e-03
3.000000000000000000e+00 5.000000000000000000e+00 8.000000000000000000e+00 1.018171525001525940e-02
3.000000000000000000e+00 5.000000000000000000e+00 9.000000000000000000e+00 1.298806842168172271e-02
3.000000000000000000e+00 5.000000000000000000e+00 1.000000000000000000e+01 1.218334905306498427e-02
3.000000000000000000e+00 6.000000000000000000e+00 3.000000000000000000e+00 9.489176511764526797e-03
3.000000000000000000e+00 6.000000000000000000e+00 4.000000000000000000e+00 9.362693468729655841e-03
3.000000000000000000e+00 6.000000000000000000e+00 5.000000000000000000e+00 9.422034184137980176e-03
3.000000000000000000e+00 6.000000000000000000e+00 6.000000000000000000e+00 9.641262849171956112e-03
3.000000000000000000e+00 6.000000000000000000e+00 7.000000000000000000e+00 9.792633454004924173e-03
3.000000000000000000e+00 6.000000000000000000e+00 8.000000000000000000e+00 1.030096260706583715e-02
3.000000000000000000e+00 6.000000000000000000e+00 9.000000000000000000e+00 1.291134397188822315e-02
3.000000000000000000e+00 6.000000000000000000e+00 1.000000000000000000e+01 1.342534923553466951e-02
3.000000000000000000e+00 7.000000000000000000e+00 3.000000000000000000e+00 9.588563283284503094e-03
3.000000000000000000e+00 7.000000000000000000e+00 4.000000000000000000e+00 9.594072103500366627e-03
3.000000000000000000e+00 7.000000000000000000e+00 5.000000000000000000e+00 9.650310754776000866e-03
3.000000000000000000e+00 7.000000000000000000e+00 6.000000000000000000e+00 9.892530918121337710e-03
3.000000000000000000e+00 7.000000000000000000e+00 7.000000000000000000e+00 1.002758574485778688e-02
3.000000000000000000e+00 7.000000000000000000e+00 8.000000000000000000e+00 1.050204618771870789e-02
3.000000000000000000e+00 7.000000000000000000e+00 9.000000000000000000e+00 1.268207176526387620e-02
3.000000000000000000e+00 7.000000000000000000e+00 1.000000000000000000e+01 1.344916121164957575e-02
3.000000000000000000e+00 8.000000000000000000e+00 3.000000000000000000e+00 1.009605828921000294e-02
3.000000000000000000e+00 8.000000000000000000e+00 4.000000000000000000e+00 1.008787465095520135e-02
3.000000000000000000e+00 8.000000000000000000e+00 5.000000000000000000e+00 1.016743016242980906e-02
3.000000000000000000e+00 8.000000000000000000e+00 6.000000000000000000e+00 1.037887779871622673e-02
3.000000000000000000e+00 8.000000000000000000e+00 7.000000000000000000e+00 1.061433283487955848e-02
3.000000000000000000e+00 8.000000000000000000e+00 8.000000000000000000e+00 1.223384126027425058e-02
3.000000000000000000e+00 8.000000000000000000e+00 9.000000000000000000e+00 1.356061712900797495e-02
3.000000000000000000e+00 8.000000000000000000e+00 1.000000000000000000e+01 1.766355856259663876e-02
3.000000000000000000e+00 9.000000000000000000e+00 3.000000000000000000e+00 1.233159200350443518e-02
3.000000000000000000e+00 9.000000000000000000e+00 4.000000000000000000e+00 1.238028542200724121e-02
3.000000000000000000e+00 9.000000000000000000e+00 5.000000000000000000e+00 1.238985530535380124e-02
3.000000000000000000e+00 9.000000000000000000e+00 6.000000000000000000e+00 1.339793642361958824e-02
3.000000000000000000e+00 9.000000000000000000e+00 7.000000000000000000e+00 1.373471220334370781e-02
3.000000000000000000e+00 9.000000000000000000e+00 8.000000000000000000e+00 1.449805609385172549e-02
3.000000000000000000e+00 9.000000000000000000e+00 9.000000000000000000e+00 1.495540889104207509e-02
3.000000000000000000e+00 9.000000000000000000e+00 1.000000000000000000e+01 2.071272373199463043e-02
3.000000000000000000e+00 1.000000000000000000e+01 3.000000000000000000e+00 1.214880808194478308e-02
3.000000000000000000e+00 1.000000000000000000e+01 4.000000000000000000e+00 1.215390928586324026e-02
3.000000000000000000e+00 1.000000000000000000e+01 5.000000000000000000e+00 1.245504975318908504e-02
3.000000000000000000e+00 1.000000000000000000e+01 6.000000000000000000e+00 1.502997414271036759e-02
3.000000000000000000e+00 1.000000000000000000e+01 7.000000000000000000e+00 1.599193469683329177e-02
3.000000000000000000e+00 1.000000000000000000e+01 8.000000000000000000e+00 1.729314231872558505e-02
3.000000000000000000e+00 1.000000000000000000e+01 9.000000000000000000e+00 2.015318568547566636e-02
3.000000000000000000e+00 1.000000000000000000e+01 1.000000000000000000e+01 2.686073923110962255e-02
4.000000000000000000e+00 3.000000000000000000e+00 3.000000000000000000e+00 7.679094632466634644e-03
4.000000000000000000e+00 3.000000000000000000e+00 4.000000000000000000e+00 9.105963627497354329e-03
4.000000000000000000e+00 3.000000000000000000e+00 5.000000000000000000e+00 9.272424459457398807e-03
4.000000000000000000e+00 3.000000000000000000e+00 6.000000000000000000e+00 9.395068804423013786e-03
4.000000000000000000e+00 3.000000000000000000e+00 7.000000000000000000e+00 9.564572652180990120e-03
4.000000000000000000e+00 3.000000000000000000e+00 8.000000000000000000e+00 1.014474240938822297e-02
4.000000000000000000e+00 3.000000000000000000e+00 9.000000000000000000e+00 1.317780303955078114e-02
4.000000000000000000e+00 3.000000000000000000e+00 1.000000000000000000e+01 1.220933691660563113e-02
4.000000000000000000e+00 4.000000000000000000e+00 3.000000000000000000e+00 9.095281998316447070e-03
4.000000000000000000e+00 4.000000000000000000e+00 4.000000000000000000e+00 9.041665712992350001e-03
4.000000000000000000e+00 4.000000000000000000e+00 5.000000000000000000e+00 9.161085128784178869e-03
4.000000000000000000e+00 4.000000000000000000e+00 6.000000000000000000e+00 9.403519074122110299e-03
4.000000000000000000e+00 4.000000000000000000e+00 7.000000000000000000e+00 9.577728748321532107e-03
4.000000000000000000e+00 4.000000000000000000e+00 8.000000000000000000e+00 1.004452991485595657e-02
4.000000000000000000e+00 4.000000000000000000e+00 9.000000000000000000e+00 1.304279669125874876e-02
4.000000000000000000e+00 4.000000000000000000e+00 1.000000000000000000e+01 1.206891830762227280e-02
4.000000000000000000e+00 5.000000000000000000e+00 3.000000000000000000e+00 9.179791847864786705e-03
4.000000000000000000e+00 5.000000000000000000e+00 4.000000000000000000e+00 9.153726816177367928e-03
4.000000000000000000e+00 5.000000000000000000e+00 5.000000000000000000e+00 9.185961325963337351e-03
4.000000000000000000e+00 5.000000000000000000e+00 6.000000000000000000e+00 9.400953690210977001e-03
4.000000000000000000e+00 5.000000000000000000e+00 7.000000000000000000e+00 9.627094189325967333e-03
4.000000000000000000e+00 5.000000000000000000e+00 8.000000000000000000e+00 1.006439026196797627e-02
4.000000000000000000e+00 5.000000000000000000e+00 9.000000000000000000e+00 1.319042491912841841e-02
4.000000000000000000e+00 5.000000000000000000e+00 1.000000000000000000e+01 1.226130684216817333e-02
4.000000000000000000e+00 6.000000000000000000e+00 3.000000000000000000e+00 9.393003066380817973e-03
4.000000000000000000e+00 6.000000000000000000e+00 4.000000000000000000e+00 9.289432207743327993e-03
4.000000000000000000e+00 6.000000000000000000e+00 5.000000000000000000e+00 9.431768894195557973e-03
4.000000000000000000e+00 6.000000000000000000e+00 6.000000000000000000e+00 9.498634258906046499e-03
4.000000000000000000e+00 6.000000000000000000e+00 7.000000000000000000e+00 9.729441642761229789e-03
4.000000000000000000e+00 6.000000000000000000e+00 8.000000000000000000e+00 1.074673191706339466e-02
4.000000000000000000e+00 6.000000000000000000e+00 9.000000000000000000e+00 1.196184666951497465e-02
4.000000000000000000e+00 6.000000000000000000e+00 1.000000000000000000e+01 1.288234400749206643e-02
4.000000000000000000e+00 7.000000000000000000e+00 3.000000000000000000e+00 9.664905468622843332e-03
4.000000000000000000e+00 7.000000000000000000e+00 4.000000000000000000e+00 9.640448729197182917e-03
4.000000000000000000e+00 7.000000000000000000e+00 5.000000000000000000e+00 9.671539942423501915e-03
4.000000000000000000e+00 7.000000000000000000e+00 6.000000000000000000e+00 9.907880226771036830e-03
4.000000000000000000e+00 7.000000000000000000e+00 7.000000000000000000e+00 1.003667068481445268e-02
4.000000000000000000e+00 7.000000000000000000e+00 8.000000000000000000e+00 1.057365242640177262e-02
4.000000000000000000e+00 7.000000000000000000e+00 9.000000000000000000e+00 1.326214345296224117e-02
4.000000000000000000e+00 7.000000000000000000e+00 1.000000000000000000e+01 1.387288268407185950e-02
4.000000000000000000e+00 8.000000000000000000e+00 3.000000000000000000e+00 9.824995358784992597e-03
4.000000000000000000e+00 8.000000000000000000e+00 4.000000000000000000e+00 9.810063521067301229e-03
4.000000000000000000e+00 8.000000000000000000e+00 5.000000000000000000e+00 9.881698926289877657e-03
4.000000000000000000e+00 8.000000000000000000e+00 6.000000000000000000e+00 1.015486566225687511e-02
4.000000000000000000e+00 8.000000000000000000e+00 7.000000000000000000e+00 1.045571605364481460e-02
4.000000000000000000e+00 8.000000000000000000e+00 8.000000000000000000e+00 1.259039044380187884e-02
4.000000000000000000e+00 8.000000000000000000e+00 9.000000000000000000e+00 1.371898969014485707e-02
4.000000000000000000e+00 8.000000000000000000e+00 1.000000000000000000e+01 1.857659443219502812e-02
4.000000000000000000e+00 9.000000000000000000e+00 3.000000000000000000e+00 1.306947072347005266e-02
4.000000000000000000e+00 9.000000000000000000e+00 4.000000000000000000e+00 1.303857962290445871e-02
4.000000000000000000e+00 9.000000000000000000e+00 5.000000000000000000e+00 1.318962303797403986e-02
4.000000000000000000e+00 9.000000000000000000e+00 6.000000000000000000e+00 1.375459337234496981e-02
4.000000000000000000e+00 9.000000000000000000e+00 7.000000000000000000e+00 1.406595110893249512e-02
4.000000000000000000e+00 9.000000000000000000e+00 8.000000000000000000e+00 1.496097366015116358e-02
4.000000000000000000e+00 9.000000000000000000e+00 9.000000000000000000e+00 1.550137273470560649e-02
4.000000000000000000e+00 9.000000000000000000e+00 1.000000000000000000e+01 2.060962375005086222e-02
4.000000000000000000e+00 1.000000000000000000e+01 3.000000000000000000e+00 1.221286582946777381e-02
4.000000000000000000e+00 1.000000000000000000e+01 4.000000000000000000e+00 1.218471185366312715e-02
4.000000000000000000e+00 1.000000000000000000e+01 5.000000000000000000e+00 1.240823324521382609e-02
4.000000000000000000e+00 1.000000000000000000e+01 6.000000000000000000e+00 1.512264355023702073e-02
4.000000000000000000e+00 1.000000000000000000e+01 7.000000000000000000e+00 1.678591791788737117e-02
4.000000000000000000e+00 1.000000000000000000e+01 8.000000000000000000e+00 1.743515578905741395e-02
4.000000000000000000e+00 1.000000000000000000e+01 9.000000000000000000e+00 2.047772494951883779e-02
4.000000000000000000e+00 1.000000000000000000e+01 1.000000000000000000e+01 2.690665411949157496e-02
5.000000000000000000e+00 3.000000000000000000e+00 3.000000000000000000e+00 6.596505562464397010e-03
5.000000000000000000e+00 3.000000000000000000e+00 4.000000000000000000e+00 6.492621262868245036e-03
5.000000000000000000e+00 3.000000000000000000e+00 5.000000000000000000e+00 6.617321491241455293e-03
5.000000000000000000e+00 3.000000000000000000e+00 6.000000000000000000e+00 6.851911783218383838e-03
5.000000000000000000e+00 3.000000000000000000e+00 7.000000000000000000e+00 7.113824685414632532e-03
5.000000000000000000e+00 3.000000000000000000e+00 8.000000000000000000e+00 7.470847368240356688e-03
5.000000000000000000e+00 3.000000000000000000e+00 9.000000000000000000e+00 9.241186221440633383e-03
5.000000000000000000e+00 3.000000000000000000e+00 1.000000000000000000e+01 1.232352105776469108e-02
5.000000000000000000e+00 4.000000000000000000e+00 3.000000000000000000e+00 6.593795379002888486e-03
5.000000000000000000e+00 4.000000000000000000e+00 4.000000000000000000e+00 6.538464307785034346e-03
5.000000000000000000e+00 4.000000000000000000e+00 5.000000000000000000e+00 6.623236497243246805e-03
5.000000000000000000e+00 4.000000000000000000e+00 6.000000000000000000e+00 6.832450946172078515e-03
5.000000000000000000e+00 4.000000000000000000e+00 7.000000000000000000e+00 6.859893878300985480e-03
5.000000000000000000e+00 4.000000000000000000e+00 8.000000000000000000e+00 7.439132928848266740e-03
5.000000000000000000e+00 4.000000000000000000e+00 9.000000000000000000e+00 8.326268037160237945e-03
5.000000000000000000e+00 4.000000000000000000e+00 1.000000000000000000e+01 1.228283055623372554e-02
5.000000000000000000e+00 5.000000000000000000e+00 3.000000000000000000e+00 6.739165465037028069e-03
5.000000000000000000e+00 5.000000000000000000e+00 4.000000000000000000e+00 6.695720036824544773e-03
5.000000000000000000e+00 5.000000000000000000e+00 5.000000000000000000e+00 6.652904510498047763e-03
5.000000000000000000e+00 5.000000000000000000e+00 6.000000000000000000e+00 6.760725816090901868e-03
5.000000000000000000e+00 5.000000000000000000e+00 7.000000000000000000e+00 7.083823601404824755e-03
5.000000000000000000e+00 5.000000000000000000e+00 8.000000000000000000e+00 7.481026570002238113e-03
5.000000000000000000e+00 5.000000000000000000e+00 9.000000000000000000e+00 8.383652210235596411e-03
5.000000000000000000e+00 5.000000000000000000e+00 1.000000000000000000e+01 1.229877090454101728e-02
5.000000000000000000e+00 6.000000000000000000e+00 3.000000000000000000e+00 6.853814681371053069e-03
5.000000000000000000e+00 6.000000000000000000e+00 4.000000000000000000e+00 6.769268115361532119e-03
5.000000000000000000e+00 6.000000000000000000e+00 5.000000000000000000e+00 6.837896903355916538e-03
5.000000000000000000e+00 6.000000000000000000e+00 6.000000000000000000e+00 6.926815191904703295e-03
5.000000000000000000e+00 6.000000000000000000e+00 7.000000000000000000e+00 7.062962690989177221e-03
5.000000000000000000e+00 6.000000000000000000e+00 8.000000000000000000e+00 7.937961737314860530e-03
5.000000000000000000e+00 6.000000000000000000e+00 9.000000000000000000e+00 8.479051748911540023e-03
5.000000000000000000e+00 6.000000000000000000e+00 1.000000000000000000e+01 1.330271220207214500e-02
5.000000000000000000e+00 7.000000000000000000e+00 3.000000000000000000e+00 6.275509913762410651e-03
5.000000000000000000e+00 7.000000000000000000e+00 4.000000000000000000e+00 6.271711587905883824e-03
5.000000000000000000e+00 7.000000000000000000e+00 5.000000000000000000e+00 6.302063226699829157e-03
5.000000000000000000e+00 7.000000000000000000e+00 6.000000000000000000e+00 6.466342131296792806e-03
5.000000000000000000e+00 7.000000000000000000e+00 7.000000000000000000e+00 7.323176781336465831e-03
5.000000000000000000e+00 7.000000000000000000e+00 8.000000000000000000e+00 7.888575156529744128e-03
5.000000000000000000e+00 7.000000000000000000e+00 9.000000000000000000e+00 1.264669315020243434e-02
5.000000000000000000e+00 7.000000000000000000e+00 1.000000000000000000e+01 1.385710517565409174e-02
5.000000000000000000e+00 8.000000000000000000e+00 3.000000000000000000e+00 6.739991267522176151e-03
5.000000000000000000e+00 8.000000000000000000e+00 4.000000000000000000e+00 6.747923533121744956e-03
5.000000000000000000e+00 8.000000000000000000e+00 5.000000000000000000e+00 6.738421042760213420e-03
5.000000000000000000e+00 8.000000000000000000e+00 6.000000000000000000e+00 6.944622755050658403e-03
5.000000000000000000e+00 8.000000000000000000e+00 7.000000000000000000e+00 7.128950675328572795e-03
5.000000000000000000e+00 8.000000000000000000e+00 8.000000000000000000e+00 8.769084692001341552e-03
5.000000000000000000e+00 8.000000000000000000e+00 9.000000000000000000e+00 9.233770291010539102e-03
5.000000000000000000e+00 8.000000000000000000e+00 1.000000000000000000e+01 1.546119268735249991e-02
5.000000000000000000e+00 9.000000000000000000e+00 3.000000000000000000e+00 8.198021332422892812e-03
5.000000000000000000e+00 9.000000000000000000e+00 4.000000000000000000e+00 8.147985696792604468e-03
5.000000000000000000e+00 9.000000000000000000e+00 5.000000000000000000e+00 8.179027477900188345e-03
5.000000000000000000e+00 9.000000000000000000e+00 6.000000000000000000e+00 8.859065453211465921e-03
5.000000000000000000e+00 9.000000000000000000e+00 7.000000000000000000e+00 9.055906375249226509e-03
5.000000000000000000e+00 9.000000000000000000e+00 8.000000000000000000e+00 1.011194252967834509e-02
5.000000000000000000e+00 9.000000000000000000e+00 9.000000000000000000e+00 1.553507486979166519e-02
5.000000000000000000e+00 9.000000000000000000e+00 1.000000000000000000e+01 2.067690292994181153e-02
5.000000000000000000e+00 1.000000000000000000e+01 3.000000000000000000e+00 1.241442902882893863e-02
5.000000000000000000e+00 1.000000000000000000e+01 4.000000000000000000e+00 1.241028952598571822e-02
5.000000000000000000e+00 1.000000000000000000e+01 5.000000000000000000e+00 1.239116724332173756e-02
5.000000000000000000e+00 1.000000000000000000e+01 6.000000000000000000e+00 1.505306482315063588e-02
5.000000000000000000e+00 1.000000000000000000e+01 7.000000000000000000e+00 1.660024142265319885e-02
5.000000000000000000e+00 1.000000000000000000e+01 8.000000000000000000e+00 1.772360873222350933e-02
5.000000000000000000e+00 1.000000000000000000e+01 9.000000000000000000e+00 2.088162064552306907e-02
5.000000000000000000e+00 1.000000000000000000e+01 1.000000000000000000e+01 2.703131294250488148e-02
6.000000000000000000e+00 3.000000000000000000e+00 3.000000000000000000e+00 7.528311093648275103e-03
6.000000000000000000e+00 3.000000000000000000e+00 4.000000000000000000e+00 7.718239625295002411e-03
6.000000000000000000e+00 3.000000000000000000e+00 5.000000000000000000e+00 7.785533110300699861e-03
6.000000000000000000e+00 3.000000000000000000e+00 6.000000000000000000e+00 7.940226713816325374e-03
6.000000000000000000e+00 3.000000000000000000e+00 7.000000000000000000e+00 8.106366713841755070e-03
6.000000000000000000e+00 3.000000000000000000e+00 8.000000000000000000e+00 8.439188639322916033e-03
6.000000000000000000e+00 3.000000000000000000e+00 9.000000000000000000e+00 9.916639407475788884e-03
6.000000000000000000e+00 3.000000000000000000e+00 1.000000000000000000e+01 1.427840431531270278e-02
6.000000000000000000e+00 4.000000000000000000e+00 3.000000000000000000e+00 7.681986411412555955e-03
6.000000000000000000e+00 4.000000000000000000e+00 4.000000000000000000e+00 7.596922953923543331e-03
6.000000000000000000e+00 4.000000000000000000e+00 5.000000000000000000e+00 7.723087708155314778e-03
6.000000000000000000e+00 4.000000000000000000e+00 6.000000000000000000e+00 7.918212811152141109e-03
6.000000000000000000e+00 4.000000000000000000e+00 7.000000000000000000e+00 7.970809300740559766e-03
6.000000000000000000e+00 4.000000000000000000e+00 8.000000000000000000e+00 8.459903637568155776e-03
6.000000000000000000e+00 4.000000000000000000e+00 9.000000000000000000e+00 9.853922684987385591e-03
6.000000000000000000e+00 4.000000000000000000e+00 1.000000000000000000e+01 1.404893668492634973e-02
6.000000000000000000e+00 5.000000000000000000e+00 3.000000000000000000e+00 7.843118429183960558e-03
6.000000000000000000e+00 5.000000000000000000e+00 4.000000000000000000e+00 7.729730685551960447e-03
6.000000000000000000e+00 5.000000000000000000e+00 5.000000000000000000e+00 7.733254830042521864e-03
6.000000000000000000e+00 5.000000000000000000e+00 6.000000000000000000e+00 7.880363623301188045e-03
6.000000000000000000e+00 5.000000000000000000e+00 7.000000000000000000e+00 8.026380538940430104e-03
6.000000000000000000e+00 5.000000000000000000e+00 8.000000000000000000e+00 8.373383839925129316e-03
6.000000000000000000e+00 5.000000000000000000e+00 9.000000000000000000e+00 9.838796695073445328e-03
6.000000000000000000e+00 5.000000000000000000e+00 1.000000000000000000e+01 1.424598336219787785e-02
6.000000000000000000e+00 6.000000000000000000e+00 3.000000000000000000e+00 7.825088818868002061e-03
6.000000000000000000e+00 6.000000000000000000e+00 4.000000000000000000e+00 7.768801053365070701e-03
6.000000000000000000e+00 6.000000000000000000e+00 5.000000000000000000e+00 7.765089511871337176e-03
6.000000000000000000e+00 6.000000000000000000e+00 6.000000000000000000e+00 7.936523596445720086e-03
6.000000000000000000e+00 6.000000000000000000e+00 7.000000000000000000e+00 8.089335838953654392e-03
6.000000000000000000e+00 6.000000000000000000e+00 8.000000000000000000e+00 8.748071591059367741e-03
6.000000000000000000e+00 6.000000000000000000e+00 9.000000000000000000e+00 9.545011917750039973e-03
6.000000000000000000e+00 6.000000000000000000e+00 1.000000000000000000e+01 1.509367362658182825e-02
6.000000000000000000e+00 7.000000000000000000e+00 3.000000000000000000e+00 8.013243436813354340e-03
6.000000000000000000e+00 7.000000000000000000e+00 4.000000000000000000e+00 8.035956541697183986e-03
6.000000000000000000e+00 7.000000000000000000e+00 5.000000000000000000e+00 8.160202980041504628e-03
6.000000000000000000e+00 7.000000000000000000e+00 6.000000000000000000e+00 8.155158440272014184e-03
6.000000000000000000e+00 7.000000000000000000e+00 7.000000000000000000e+00 1.032104698816935229e-02
6.000000000000000000e+00 7.000000000000000000e+00 8.000000000000000000e+00 1.072627687454223711e-02
6.000000000000000000e+00 7.000000000000000000e+00 9.000000000000000000e+00 1.175087547302246065e-02
6.000000000000000000e+00 7.000000000000000000e+00 1.000000000000000000e+01 1.445110313097635983e-02
6.000000000000000000e+00 8.000000000000000000e+00 3.000000000000000000e+00 1.004395318031311123e-02
6.000000000000000000e+00 8.000000000000000000e+00 4.000000000000000000e+00 1.007120076815287181e-02
6.000000000000000000e+00 8.000000000000000000e+00 5.000000000000000000e+00 1.022105026245117253e-02
6.000000000000000000e+00 8.000000000000000000e+00 6.000000000000000000e+00 1.031017597516377740e-02
6.000000000000000000e+00 8.000000000000000000e+00 7.000000000000000000e+00 1.055560270945231187e-02
6.000000000000000000e+00 8.000000000000000000e+00 8.000000000000000000e+00 1.157530299822489422e-02
6.000000000000000000e+00 8.000000000000000000e+00 9.000000000000000000e+00 1.281410479545593180e-02
6.000000000000000000e+00 8.000000000000000000e+00 1.000000000000000000e+01 1.865936748186747263e-02
6.000000000000000000e+00 9.000000000000000000e+00 3.000000000000000000e+00 1.178085088729858426e-02
6.000000000000000000e+00 9.000000000000000000e+00 4.000000000000000000e+00 1.176510667800903347e-02
6.000000000000000000e+00 9.000000000000000000e+00 5.000000000000000000e+00 1.175588369369506836e-02
6.000000000000000000e+00 9.000000000000000000e+00 6.000000000000000000e+00 1.228715999921162899e-02
6.000000000000000000e+00 9.000000000000000000e+00 7.000000000000000000e+00 1.270357696215311701e-02
6.000000000000000000e+00 9.000000000000000000e+00 8.000000000000000000e+00 1.355386551221211822e-02
6.000000000000000000e+00 9.000000000000000000e+00 9.000000000000000000e+00 1.697701223691304440e-02
6.000000000000000000e+00 9.000000000000000000e+00 1.000000000000000000e+01 2.240055775642394928e-02
6.000000000000000000e+00 1.000000000000000000e+01 3.000000000000000000e+00 1.602710962295532046e-02
6.000000000000000000e+00 1.000000000000000000e+01 4.000000000000000000e+00 1.604013482729594112e-02
6.000000000000000000e+00 1.000000000000000000e+01 5.000000000000000000e+00 1.615090171496073521e-02
6.000000000000000000e+00 1.000000000000000000e+01 6.000000000000000000e+00 1.742183860143025828e-02
6.000000000000000000e+00 1.000000000000000000e+01 7.000000000000000000e+00 1.908150204022725574e-02
6.000000000000000000e+00 1.000000000000000000e+01 8.000000000000000000e+00 2.018137041727701905e-02
6.000000000000000000e+00 1.000000000000000000e+01 9.000000000000000000e+00 2.254293505350748669e-02
6.000000000000000000e+00 1.000000000000000000e+01 1.000000000000000000e+01 2.919939891497294257e-02
7.000000000000000000e+00 3.000000000000000000e+00 3.000000000000000000e+00 1.081134684880574563e-02
7.000000000000000000e+00 3.000000000000000000e+00 4.000000000000000000e+00 1.080105408032735158e-02
7.000000000000000000e+00 3.000000000000000000e+00 5.000000000000000000e+00 1.074959985415140790e-02
7.000000000000000000e+00 3.000000000000000000e+00 6.000000000000000000e+00 1.094598166147867785e-02
7.000000000000000000e+00 3.000000000000000000e+00 7.000000000000000000e+00 1.297826862335205167e-02
7.000000000000000000e+00 3.000000000000000000e+00 8.000000000000000000e+00 1.133039951324462703e-02
7.000000000000000000e+00 3.000000000000000000e+00 9.000000000000000000e+00 1.408037432034810361e-02
7.000000000000000000e+00 3.000000000000000000e+00 1.000000000000000000e+01 1.479163583119710336e-02
7.000000000000000000e+00 4.000000000000000000e+00 3.000000000000000000e+00 9.873846689860027101e-03
7.000000000000000000e+00 4.000000000000000000e+00 4.000000000000000000e+00 9.919340928395588286e-03
7.000000000000000000e+00 4.000000000000000000e+00 5.000000000000000000e+00 9.864965041478475014e-03
7.000000000000000000e+00 4.000000000000000000e+00 6.000000000000000000e+00 1.001048310597737502e-02
7.000000000000000000e+00 4.000000000000000000e+00 7.000000000000000000e+00 1.092513513565063384e-02
7.000000000000000000e+00 4.000000000000000000e+00 8.000000000000000000e+00 1.131314317385355601e-02
7.000000000000000000e+00 4.000000000000000000e+00 9.000000000000000000e+00 1.395888821283976233e-02
7.000000000000000000e+00 4.000000000000000000e+00 1.000000000000000000e+01 1.474008512496948441e-02
7.000000000000000000e+00 5.000000000000000000e+00 3.000000000000000000e+00 9.972604672114054880e-03
7.000000000000000000e+00 5.000000000000000000e+00 4.000000000000000000e+00 9.837194045384725985e-03
7.000000000000000000e+00 5.000000000000000000e+00 5.000000000000000000e+00 9.902345418930055473e-03
7.000000000000000000e+00 5.000000000000000000e+00 6.000000000000000000e+00 1.033330464363098160e-02
7.000000000000000000e+00 5.000000000000000000e+00 7.000000000000000000e+00 1.095461956659952822e-02
7.000000000000000000e+00 5.000000000000000000e+00 8.000000000000000000e+00 1.133086371421813954e-02
7.000000000000000000e+00 5.000000000000000000e+00 9.000000000000000000e+00 1.405231237411499155e-02
7.000000000000000000e+00 5.000000000000000000e+00 1.000000000000000000e+01 1.485829019546508652e-02
7.000000000000000000e+00 6.000000000000000000e+00 3.000000000000000000e+00 1.026621389389038158e-02
7.000000000000000000e+00 6.000000000000000000e+00 4.000000000000000000e+00 1.018538816769917754e-02
7.000000000000000000e+00 6.000000000000000000e+00 5.000000000000000000e+00 1.020204385121663455e-02
7.000000000000000000e+00 6.000000000000000000e+00 6.000000000000000000e+00 1.076111062367757221e-02
7.000000000000000000e+00 6.000000000000000000e+00 7.000000000000000000e+00 1.119636146227518704e-02
7.000000000000000000e+00 6.000000000000000000e+00 8.000000000000000000e+00 1.159068338076273651e-02
7.000000000000000000e+00 6.000000000000000000e+00 9.000000000000000000e+00 1.353203717867533344e-02
7.000000000000000000e+00 6.000000000000000000e+00 1.000000000000000000e+01 1.528602647781372031e-02
7.000000000000000000e+00 7.000000000000000000e+00 3.000000000000000000e+00 1.032797233263651505e-02
7.000000000000000000e+00 7.000000000000000000e+00 4.000000000000000000e+00 1.036394389470418446e-02
7.000000000000000000e+00 7.000000000000000000e+00 5.000000000000000000e+00 1.039052414894104000e-02
7.000000000000000000e+00 7.000000000000000000e+00 6.000000000000000000e+00 1.056446297963460450e-02
7.000000000000000000e+00 7.000000000000000000e+00 7.000000000000000000e+00 1.066833178202311085e-02
7.000000000000000000e+00 7.000000000000000000e+00 8.000000000000000000e+00 1.118998249371846478e-02
7.000000000000000000e+00 7.000000000000000000e+00 9.000000000000000000e+00 1.422651942571004358e-02
7.000000000000000000e+00 7.000000000000000000e+00 1.000000000000000000e+01 1.648026553789774806e-02
7.000000000000000000e+00 8.000000000000000000e+00 3.000000000000000000e+00 1.074081762631733973e-02
7.000000000000000000e+00 8.000000000000000000e+00 4.000000000000000000e+00 1.075847943623860735e-02
7.000000000000000000e+00 8.000000000000000000e+00 5.000000000000000000e+00 1.078630510965983107e-02
7.000000000000000000e+00 8.000000000000000000e+00 6.000000000000000000e+00 1.108377297719319830e-02
7.000000000000000000e+00 8.000000000000000000e+00 7.000000000000000000e+00 1.127072628339131737e-02
7.000000000000000000e+00 8.000000000000000000e+00 8.000000000000000000e+00 1.201311413447062049e-02
7.000000000000000000e+00 8.000000000000000000e+00 9.000000000000000000e+00 1.248708987236022729e-02
7.000000000000000000e+00 8.000000000000000000e+00 1.000000000000000000e+01 1.997512380282084540e-02
7.000000000000000000e+00 9.000000000000000000e+00 3.000000000000000000e+00 1.375845837593078595e-02
7.000000000000000000e+00 9.000000000000000000e+00 4.000000000000000000e+00 1.372598838806152362e-02
7.000000000000000000e+00 9.000000000000000000e+00 5.000000000000000000e+00 1.176912585894266706e-02
7.000000000000000000e+00 9.000000000000000000e+00 6.000000000000000000e+00 1.248791321118672588e-02
7.000000000000000000e+00 9.000000000000000000e+00 7.000000000000000000e+00 1.273242394129434941e-02
7.000000000000000000e+00 9.000000000000000000e+00 8.000000000000000000e+00 1.349689928690592407e-02
7.000000000000000000e+00 9.000000000000000000e+00 9.000000000000000000e+00 1.856136496861775578e-02
7.000000000000000000e+00 9.000000000000000000e+00 1.000000000000000000e+01 2.357515947024027558e-02
7.000000000000000000e+00 1.000000000000000000e+01 3.000000000000000000e+00 1.693454154332478881e-02
7.000000000000000000e+00 1.000000000000000000e+01 4.000000000000000000e+00 1.691739312807719053e-02
7.000000000000000000e+00 1.000000000000000000e+01 5.000000000000000000e+00 1.676577313741048347e-02
7.000000000000000000e+00 1.000000000000000000e+01 6.000000000000000000e+00 1.880766050020853467e-02
7.000000000000000000e+00 1.000000000000000000e+01 7.000000000000000000e+00 1.923015840848286973e-02
7.000000000000000000e+00 1.000000000000000000e+01 8.000000000000000000e+00 2.023785233497619671e-02
7.000000000000000000e+00 1.000000000000000000e+01 9.000000000000000000e+00 2.401507965723673199e-02
7.000000000000000000e+00 1.000000000000000000e+01 1.000000000000000000e+01 3.057666556040446182e-02
8.000000000000000000e+00 3.000000000000000000e+00 3.000000000000000000e+00 1.251099268595377671e-02
8.000000000000000000e+00 3.000000000000000000e+00 4.000000000000000000e+00 1.247902377446492676e-02
8.000000000000000000e+00 3.000000000000000000e+00 5.000000000000000000e+00 1.250660371780395498e-02
8.000000000000000000e+00 3.000000000000000000e+00 6.000000000000000000e+00 1.290539749463399249e-02
8.000000000000000000e+00 3.000000000000000000e+00 7.000000000000000000e+00 1.464995511372883981e-02
8.000000000000000000e+00 3.000000000000000000e+00 8.000000000000000000e+00 1.520030093193054134e-02
8.000000000000000000e+00 3.000000000000000000e+00 9.000000000000000000e+00 1.555918359756469811e-02
8.000000000000000000e+00 3.000000000000000000e+00 1.000000000000000000e+01 1.978551840782165339e-02
8.000000000000000000e+00 4.000000000000000000e+00 3.000000000000000000e+00 1.263240726788838510e-02
8.000000000000000000e+00 4.000000000000000000e+00 4.000000000000000000e+00 1.265723284085591704e-02
8.000000000000000000e+00 4.000000000000000000e+00 5.000000000000000000e+00 1.299881442387898663e-02
8.000000000000000000e+00 4.000000000000000000e+00 6.000000000000000000e+00 1.357917467753092487e-02
8.000000000000000000e+00 4.000000000000000000e+00 7.000000000000000000e+00 1.491130240758260089e-02
8.000000000000000000e+00 4.000000000000000000e+00 8.000000000000000000e+00 1.515221675237019873e-02
8.000000000000000000e+00 4.000000000000000000e+00 9.000000000000000000e+00 1.937854019800822059e-02
8.000000000000000000e+00 4.000000000000000000e+00 1.000000000000000000e+01 1.973265322049458717e-02
8.000000000000000000e+00 5.000000000000000000e+00 3.000000000000000000e+00 1.276835815111796064e-02
8.000000000000000000e+00 5.000000000000000000e+00 4.000000000000000000e+00 1.264738432566324920e-02
8.000000000000000000e+00 5.000000000000000000e+00 5.000000000000000000e+00 1.298729642232259070e-02
8.000000000000000000e+00 5.000000000000000000e+00 6.000000000000000000e+00 1.398717943827311287e-02
8.000000000000000000e+00 5.000000000000000000e+00 7.000000000000000000e+00 1.478095102310180743e-02
8.000000000000000000e+00 5.000000000000000000e+00 8.000000000000000000e+00 1.539352186520894471e-02
8.000000000000000000e+00 5.000000000000000000e+00 9.000000000000000000e+00 1.912655385335286506e-02
8.000000000000000000e+00 5.000000000000000000e+00 1.000000000000000000e+01 1.993539985020955155e-02
8.000000000000000000e+00 6.000000000000000000e+00 3.000000000000000000e+00 1.303882424036661818e-02
8.000000000000000000e+00 6.000000000000000000e+00 4.000000000000000000e+00 1.317486262321472014e-02
8.000000000000000000e+00 6.000000000000000000e+00 5.000000000000000000e+00 1.357033809026082262e-02
8.000000000000000000e+00 6.000000000000000000e+00 6.000000000000000000e+00 1.358294320106506227e-02
8.000000000000000000e+00 6.000000000000000000e+00 7.000000000000000000e+00 1.399407823880513546e-02
8.000000000000000000e+00 6.000000000000000000e+00 8.000000000000000000e+00 1.510717296600341819e-02
8.000000000000000000e+00 6.000000000000000000e+00 9.000000000000000000e+00 1.784217635790507142e-02
8.000000000000000000e+00 6.000000000000000000e+00 1.000000000000000000e+01 2.024088335037231220e-02
8.000000000000000000e+00 7.000000000000000000e+00 3.000000000000000000e+00 1.303546714782714833e-02
8.000000000000000000e+00 7.000000000000000000e+00 4.000000000000000000e+00 1.312386933962504144e-02
8.000000000000000000e+00 7.000000000000000000e+00 5.000000000000000000e+00 1.315493392944335795e-02
8.000000000000000000e+00 7.000000000000000000e+00 6.000000000000000000e+00 1.335483384132385258e-02
8.000000000000000000e+00 7.000000000000000000e+00 7.000000000000000000e+00 1.373503812154134272e-02
8.000000000000000000e+00 7.000000000000000000e+00 8.000000000000000000e+00 1.369151186943054314e-02
8.000000000000000000e+00 7.000000000000000000e+00 9.000000000000000000e+00 1.550435423851013322e-02
8.000000000000000000e+00 7.000000000000000000e+00 1.000000000000000000e+01 1.850614062945048210e-02
8.000000000000000000e+00 8.000000000000000000e+00 3.000000000000000000e+00 1.357057118415832576e-02
8.000000000000000000e+00 8.000000000000000000e+00 4.000000000000000000e+00 1.375093905131022191e-02
8.000000000000000000e+00 8.000000000000000000e+00 5.000000000000000000e+00 1.383522566159566154e-02
8.000000000000000000e+00 8.000000000000000000e+00 6.000000000000000000e+00 1.397569330533345554e-02
8.000000000000000000e+00 8.000000000000000000e+00 7.000000000000000000e+00 1.402348430951436305e-02
8.000000000000000000e+00 8.000000000000000000e+00 8.000000000000000000e+00 1.463211234410603800e-02
8.000000000000000000e+00 8.000000000000000000e+00 9.000000000000000000e+00 1.565335440635681405e-02
8.000000000000000000e+00 8.000000000000000000e+00 1.000000000000000000e+01 2.005605459213256891e-02
8.000000000000000000e+00 9.000000000000000000e+00 3.000000000000000000e+00 1.592480103174845341e-02
8.000000000000000000e+00 9.000000000000000000e+00 4.000000000000000000e+00 1.586705056826273608e-02
8.000000000000000000e+00 9.000000000000000000e+00 5.000000000000000000e+00 1.593436694145202934e-02
8.000000000000000000e+00 9.000000000000000000e+00 6.000000000000000000e+00 1.663702178001403784e-02
8.000000000000000000e+00 9.000000000000000000e+00 7.000000000000000000e+00 1.679495016733805260e-02
8.000000000000000000e+00 9.000000000000000000e+00 8.000000000000000000e+00 1.756229297320048219e-02
8.000000000000000000e+00 9.000000000000000000e+00 9.000000000000000000e+00 1.922648278872171948e-02
8.000000000000000000e+00 9.000000000000000000e+00 1.000000000000000000e+01 2.566161386171976824e-02
8.000000000000000000e+00 1.000000000000000000e+01 3.000000000000000000e+00 1.967603492736816340e-02
8.000000000000000000e+00 1.000000000000000000e+01 4.000000000000000000e+00 1.959039640426635601e-02
8.000000000000000000e+00 1.000000000000000000e+01 5.000000000000000000e+00 1.962489549318949603e-02
8.000000000000000000e+00 1.000000000000000000e+01 6.000000000000000000e+00 2.051178948084513357e-02
8.000000000000000000e+00 1.000000000000000000e+01 7.000000000000000000e+00 2.167461276054382172e-02
8.000000000000000000e+00 1.000000000000000000e+01 8.000000000000000000e+00 2.285189612706502171e-02
8.000000000000000000e+00 1.000000000000000000e+01 9.000000000000000000e+00 2.642489131291707663e-02
8.000000000000000000e+00 1.000000000000000000e+01 1.000000000000000000e+01 3.304915165901184393e-02
9.000000000000000000e+00 3.000000000000000000e+00 3.000000000000000000e+00 1.488400268554687655e-02
9.000000000000000000e+00 3.000000000000000000e+00 4.000000000000000000e+00 1.487820291519165172e-02
9.000000000000000000e+00 3.000000000000000000e+00 5.000000000000000000e+00 1.479773537317911891e-02
9.000000000000000000e+00 3.000000000000000000e+00 6.000000000000000000e+00 1.502155868212382006e-02
9.000000000000000000e+00 3.000000000000000000e+00 7.000000000000000000e+00 1.546664873758951675e-02
9.000000000000000000e+00 3.000000000000000000e+00 8.000000000000000000e+00 1.769503513971964689e-02
9.000000000000000000e+00 3.000000000000000000e+00 9.000000000000000000e+00 1.766603342692057294e-02
9.000000000000000000e+00 3.000000000000000000e+00 1.000000000000000000e+01 2.197409812609354973e-02
9.000000000000000000e+00 4.000000000000000000e+00 3.000000000000000000e+00 1.477204823493957590e-02
9.000000000000000000e+00 4.000000000000000000e+00 4.000000000000000000e+00 1.475862765312194701e-02
9.000000000000000000e+00 4.000000000000000000e+00 5.000000000000000000e+00 1.472693983713785869e-02
9.000000000000000000e+00 4.000000000000000000e+00 6.000000000000000000e+00 1.586878911654154498e-02
9.000000000000000000e+00 4.000000000000000000e+00 7.000000000000000000e+00 1.567914549509684397e-02
9.000000000000000000e+00 4.000000000000000000e+00 8.000000000000000000e+00 1.719231557846069222e-02
9.000000000000000000e+00 4.000000000000000000e+00 9.000000000000000000e+00 2.012209447224934736e-02
9.000000000000000000e+00 4.000000000000000000e+00 1.000000000000000000e+01 2.191238983472188276e-02
9.000000000000000000e+00 5.000000000000000000e+00 3.000000000000000000e+00 1.487092669804890993e-02
9.000000000000000000e+00 5.000000000000000000e+00 4.000000000000000000e+00 1.481736056009928283e-02
9.000000000000000000e+00 5.000000000000000000e+00 5.000000000000000000e+00 1.490360609690348330e-02
9.000000000000000000e+00 5.000000000000000000e+00 6.000000000000000000e+00 1.556153162320454697e-02
9.000000000000000000e+00 5.000000000000000000e+00 7.000000000000000000e+00 1.664250858624776244e-02
9.000000000000000000e+00 5.000000000000000000e+00 8.000000000000000000e+00 1.781785297393798789e-02
9.000000000000000000e+00 5.000000000000000000e+00 9.000000000000000000e+00 2.043702602386474748e-02
9.000000000000000000e+00 5.000000000000000000e+00 1.000000000000000000e+01 2.205504655838012862e-02
9.000000000000000000e+00 6.000000000000000000e+00 3.000000000000000000e+00 1.549119917551676495e-02
9.000000000000000000e+00 6.000000000000000000e+00 4.000000000000000000e+00 1.561118888854980298e-02
9.000000000000000000e+00 6.000000000000000000e+00 5.000000000000000000e+00 1.598576800028482861e-02
9.000000000000000000e+00 6.000000000000000000e+00 6.000000000000000000e+00 1.650273656845092918e-02
9.000000000000000000e+00 6.000000000000000000e+00 7.000000000000000000e+00 1.665354402860005911e-02
9.000000000000000000e+00 6.000000000000000000e+00 8.000000000000000000e+00 1.806586631139119395e-02
9.000000000000000000e+00 6.000000000000000000e+00 9.000000000000000000e+00 2.170604046185811709e-02
9.000000000000000000e+00 6.000000000000000000e+00 1.000000000000000000e+01 2.288480710983276448e-02
9.000000000000000000e+00 7.000000000000000000e+00 3.000000000000000000e+00 1.607896884282429897e-02
9.000000000000000000e+00 7.000000000000000000e+00 4.000000000000000000e+00 1.592106350262959685e-02
9.000000000000000000e+00 7.000000000000000000e+00 5.000000000000000000e+00 1.599171296755472899e-02
9.000000000000000000e+00 7.000000000000000000e+00 6.000000000000000000e+00 1.595311792691548811e-02
9.000000000000000000e+00 7.000000000000000000e+00 7.000000000000000000e+00 1.674655143419901196e-02
9.000000000000000000e+00 7.000000000000000000e+00 8.000000000000000000e+00 1.771405315399169830e-02
9.000000000000000000e+00 7.000000000000000000e+00 9.000000000000000000e+00 2.132705171902974858e-02
9.000000000000000000e+00 7.000000000000000000e+00 1.000000000000000000e+01 2.317621676127115671e-02
9.000000000000000000e+00 8.000000000000000000e+00 3.000000000000000000e+00 1.678073978424072035e-02
9.000000000000000000e+00 8.000000000000000000e+00 4.000000000000000000e+00 1.676997836430867486e-02
9.000000000000000000e+00 8.000000000000000000e+00 5.000000000000000000e+00 1.677301406860351451e-02
9.000000000000000000e+00 8.000000000000000000e+00 6.000000000000000000e+00 1.694626665115356312e-02
9.000000000000000000e+00 8.000000000000000000e+00 7.000000000000000000e+00 1.708118383089701417e-02
9.000000000000000000e+00 8.000000000000000000e+00 8.000000000000000000e+00 1.771630787849426056e-02
9.000000000000000000e+00 8.000000000000000000e+00 9.000000000000000000e+00 1.873620001475016436e-02
9.000000000000000000e+00 8.000000000000000000e+00 1.000000000000000000e+01 2.297064995765686277e-02
9.000000000000000000e+00 9.000000000000000000e+00 3.000000000000000000e+00 1.850778134663899968e-02
9.000000000000000000e+00 9.000000000000000000e+00 4.000000000000000000e+00 1.852534731229146456e-02
9.000000000000000000e+00 9.000000000000000000e+00 5.000000000000000000e+00 1.858432380358377919e-02
9.000000000000000000e+00 9.000000000000000000e+00 6.000000000000000000e+00 1.921623380978901979e-02
9.000000000000000000e+00 9.000000000000000000e+00 7.000000000000000000e+00 1.954046066602070988e-02
9.000000000000000000e+00 9.000000000000000000e+00 8.000000000000000000e+00 2.016187421480815020e-02
9.000000000000000000e+00 9.000000000000000000e+00 9.000000000000000000e+00 2.191227229436238863e-02
9.000000000000000000e+00 9.000000000000000000e+00 1.000000000000000000e+01 2.678741192817687966e-02
9.000000000000000000e+00 1.000000000000000000e+01 3.000000000000000000e+00 2.355639457702636899e-02
9.000000000000000000e+00 1.000000000000000000e+01 4.000000000000000000e+00 2.354297765096028880e-02
9.000000000000000000e+00 1.000000000000000000e+01 5.000000000000000000e+00 2.349862360954284649e-02
9.000000000000000000e+00 1.000000000000000000e+01 6.000000000000000000e+00 2.449787950515747159e-02
9.000000000000000000e+00 1.000000000000000000e+01 7.000000000000000000e+00 2.515125338236490551e-02
9.000000000000000000e+00 1.000000000000000000e+01 8.000000000000000000e+00 2.610801792144775216e-02
9.000000000000000000e+00 1.000000000000000000e+01 9.000000000000000000e+00 2.871958557764689099e-02
9.000000000000000000e+00 1.000000000000000000e+01 1.000000000000000000e+01 3.527089436848957621e-02
1.000000000000000000e+01 3.000000000000000000e+00 3.000000000000000000e+00 2.067102750142415721e-02
1.000000000000000000e+01 3.000000000000000000e+00 4.000000000000000000e+00 2.058165510495503850e-02
1.000000000000000000e+01 3.000000000000000000e+00 5.000000000000000000e+00 1.857117191950479959e-02
1.000000000000000000e+01 3.000000000000000000e+00 6.000000000000000000e+00 1.756409525871277175e-02
1.000000000000000000e+01 3.000000000000000000e+00 7.000000000000000000e+00 1.776027226448059076e-02
1.000000000000000000e+01 3.000000000000000000e+00 8.000000000000000000e+00 1.842154781023661383e-02
1.000000000000000000e+01 3.000000000000000000e+00 9.000000000000000000e+00 2.063952652613322211e-02
1.000000000000000000e+01 3.000000000000000000e+00 1.000000000000000000e+01 2.424347003300984793e-02
1.000000000000000000e+01 4.000000000000000000e+00 3.000000000000000000e+00 1.858892814318338985e-02
1.000000000000000000e+01 4.000000000000000000e+00 4.000000000000000000e+00 1.949838638305663799e-02
1.000000000000000000e+01 4.000000000000000000e+00 5.000000000000000000e+00 1.957507848739624065e-02
1.000000000000000000e+01 4.000000000000000000e+00 6.000000000000000000e+00 1.877050312360127940e-02
1.000000000000000000e+01 4.000000000000000000e+00 7.000000000000000000e+00 1.773629705111185936e-02
1.000000000000000000e+01 4.000000000000000000e+00 8.000000000000000000e+00 1.993298562367757168e-02
1.000000000000000000e+01 4.000000000000000000e+00 9.000000000000000000e+00 2.065309135119120301e-02
1.000000000000000000e+01 4.000000000000000000e+00 1.000000000000000000e+01 2.601612949371337816e-02
1.000000000000000000e+01 5.000000000000000000e+00 3.000000000000000000e+00 2.075870855649312660e-02
1.000000000000000000e+01 5.000000000000000000e+00 4.000000000000000000e+00 2.076197401682535956e-02
1.000000000000000000e+01 5.000000000000000000e+00 5.000000000000000000e+00 2.078225660324096655e-02
1.000000000000000000e+01 5.000000000000000000e+00 6.000000000000000000e+00 2.095613670349121341e-02
1.000000000000000000e+01 5.000000000000000000e+00 7.000000000000000000e+00 2.100957338015238540e-02
1.000000000000000000e+01 5.000000000000000000e+00 8.000000000000000000e+00 2.012640897432963275e-02
1.000000000000000000e+01 5.000000000000000000e+00 9.000000000000000000e+00 2.045058457056681336e-02
1.000000000000000000e+01 5.000000000000000000e+00 1.000000000000000000e+01 2.449407418568928796e-02
1.000000000000000000e+01 6.000000000000000000e+00 3.000000000000000000e+00 2.137911478678385102e-02
1.000000000000000000e+01 6.000000000000000000e+00 4.000000000000000000e+00 2.244962477684020810e-02
1.000000000000000000e+01 6.000000000000000000e+00 5.000000000000000000e+00 2.261966005961100687e-02
1.000000000000000000e+01 6.000000000000000000e+00 6.000000000000000000e+00 2.291717529296874792e-02
1.000000000000000000e+01 6.000000000000000000e+00 7.000000000000000000e+00 2.405091055234273231e-02
1.000000000000000000e+01 6.000000000000000000e+00 8.000000000000000000e+00 2.263817167282104401e-02
1.000000000000000000e+01 6.000000000000000000e+00 9.000000000000000000e+00 2.183717576662699486e-02
1.000000000000000000e+01 6.000000000000000000e+00 1.000000000000000000e+01 2.631751497586568012e-02
1.000000000000000000e+01 7.000000000000000000e+00 3.000000000000000000e+00 2.051854618390401216e-02
1.000000000000000000e+01 7.000000000000000000e+00 4.000000000000000000e+00 2.218799630800882827e-02
1.000000000000000000e+01 7.000000000000000000e+00 5.000000000000000000e+00 2.376318271954854303e-02
1.000000000000000000e+01 7.000000000000000000e+00 6.000000000000000000e+00 2.419093608856201158e-02
1.000000000000000000e+01 7.000000000000000000e+00 7.000000000000000000e+00 2.464389896392822285e-02
1.000000000000000000e+01 7.000000000000000000e+00 8.000000000000000000e+00 2.533983977635701976e-02
1.000000000000000000e+01 7.000000000000000000e+00 9.000000000000000000e+00 2.535209774971008620e-02
1.000000000000000000e+01 7.000000000000000000e+00 1.000000000000000000e+01 2.730807987848917970e-02
1.000000000000000000e+01 8.000000000000000000e+00 3.000000000000000000e+00 2.175245173772176119e-02
1.000000000000000000e+01 8.000000000000000000e+00 4.000000000000000000e+00 2.178599596023559834e-02
1.000000000000000000e+01 8.000000000000000000e+00 5.000000000000000000e+00 2.337310417493184203e-02
1.000000000000000000e+01 8.000000000000000000e+00 6.000000000000000000e+00 2.533614079157511453e-02
1.000000000000000000e+01 8.000000000000000000e+00 7.000000000000000000e+00 2.556992506980895752e-02
1.000000000000000000e+01 8.000000000000000000e+00 8.000000000000000000e+00 2.599345771471659253e-02
1.000000000000000000e+01 8.000000000000000000e+00 9.000000000000000000e+00 2.743769621849059814e-02
1.000000000000000000e+01 8.000000000000000000e+00 1.000000000000000000e+01 3.057512768109639859e-02
1.000000000000000000e+01 9.000000000000000000e+00 3.000000000000000000e+00 2.515615296363830564e-02
1.000000000000000000e+01 9.000000000000000000e+00 4.000000000000000000e+00 2.504251853624979776e-02
1.000000000000000000e+01 9.000000000000000000e+00 5.000000000000000000e+00 2.524556128184000589e-02
1.000000000000000000e+01 9.000000000000000000e+00 6.000000000000000000e+00 2.569708140691121315e-02
1.000000000000000000e+01 9.000000000000000000e+00 7.000000000000000000e+00 3.038853637377421021e-02
1.000000000000000000e+01 9.000000000000000000e+00 8.000000000000000000e+00 3.120301445325215570e-02
1.000000000000000000e+01 9.000000000000000000e+00 9.000000000000000000e+00 3.400336480140685874e-02
1.000000000000000000e+01 9.000000000000000000e+00 1.000000000000000000e+01 3.894033590952555163e-02
1.000000000000000000e+01 1.000000000000000000e+01 3.000000000000000000e+00 3.284370152155558636e-02
1.000000000000000000e+01 1.000000000000000000e+01 4.000000000000000000e+00 3.373030678431192947e-02
1.000000000000000000e+01 1.000000000000000000e+01 5.000000000000000000e+00 3.382963140805562291e-02
1.000000000000000000e+01 1.000000000000000000e+01 6.000000000000000000e+00 3.504969135920207174e-02
1.000000000000000000e+01 1.000000000000000000e+01 7.000000000000000000e+00 3.594212134679158205e-02
1.000000000000000000e+01 1.000000000000000000e+01 8.000000000000000000e+00 3.759519171714782726e-02
1.000000000000000000e+01 1.000000000000000000e+01 9.000000000000000000e+00 4.532435091336567412e-02
1.000000000000000000e+01 1.000000000000000000e+01 1.000000000000000000e+01 4.741450039545695022e-02
