3.000000000000000000e+00 3.000000000000000000e+00 3.000000000000000000e+00 9.335561990737914484e-03
3.000000000000000000e+00 3.000000000000000000e+00 4.000000000000000000e+00 9.392321825027465099e-03
3.000000000000000000e+00 3.000000000000000000e+00 5.000000000000000000e+00 9.517032146453857644e-03
3.000000000000000000e+00 3.000000000000000000e+00 6.000000000000000000e+00 9.610648155212403107e-03
3.000000000000000000e+00 3.000000000000000000e+00 7.000000000000000000e+00 9.879449605941772669e-03
3.000000000000000000e+00 3.000000000000000000e+00 8.000000000000000000e+00 1.016771364212036219e-02
3.000000000000000000e+00 3.000000000000000000e+00 9.000000000000000000e+00 1.240956449508666924e-02
3.000000000000000000e+00 3.000000000000000000e+00 1.000000000000000000e+01 1.212576556205749445e-02
3.000000000000000000e+00 4.000000000000000000e+00 3.000000000000000000e+00 9.329409122467040294e-03
3.000000000000000000e+00 4.000000000000000000e+00 4.000000000000000000e+00 9.424121618270874315e-03
3.000000000000000000e+00 4.000000000000000000e+00 5.000000000000000000e+00 9.508608102798462441e-03
3.000000000000000000e+00 4.000000000000000000e+00 6.000000000000000000e+00 9.655585289001464636e-03
3.000000000000000000e+00 4.000000000000000000e+00 7.000000000000000000e+00 9.965902090072632086e-03
3.000000000000000000e+00 4.000000000000000000e+00 8.000000000000000000e+00 1.036436223983764650e-02
3.000000000000000000e+00 4.000000000000000000e+00 9.000000000000000000e+00 1.245565724372863815e-02
3.000000000000000000e+00 4.000000000000000000e+00 1.000000000000000000e+01 1.207282662391662674e-02
3.000000000000000000e+00 5.000000000000000000e+00 3.000000000000000000e+00 9.436326980590820437e-03
3.000000000000000000e+00 5.000000000000000000e+00 4.000000000000000000e+00 9.416052341461181655e-03
3.000000000000000000e+00 5.000000000000000000e+00 5.000000000000000000e+00 9.538521051406860865e-03
3.000000000000000000e+00 5.000000000000000000e+00 6.000000000000000000e+00 9.725046873092651339e-03
3.000000000000000000e+00 5.000000000000000000e+00 7.000000000000000000e+00 9.976453781127929410e-03
3.000000000000000000e+00 5.000000000000000000e+00 8.000000000000000000e+00 1.035439205169677752e-02
3.000000000000000000e+00 5.000000000000000000e+00 9.000000000000000000e+00 1.256507921218872129e-02
3.000000000000000000e+00 5.000000000000000000e+00 1.000000000000000000e+01 1.210639166831970273e-02
3.000000000000000000e+00 6.000000000000000000e+00 3.000000000000000000e+00 9.752415418624878207e-03
3.000000000000000000e+00 6.000000000000000000e+00 4.000000000000000000e+00 9.615802526473999495e-03
3.000000000000000000e+00 6.000000000000000000e+00 5.000000000000000000e+00 9.669926643371582267e-03
3.000000000000000000e+00 6.000000000000000000e+00 6.000000000000000000e+00 9.979806900024413424e-03
3.000000000000000000e+00 6.000000000000000000e+00 7.000000000000000000e+00 1.012852525711059604e-02
3.000000000000000000e+00 6.000000000000000000e+00 8.000000000000000000e+00 1.047436714172363288e-02
3.000000000000000000e+00 6.000000000000000000e+00 9.000000000000000000e+00 1.251278495788574197e-02
3.000000000000000000e+00 6.000000000000000000e+00 1.000000000000000000e+01 1.301417064666748023e-02
3.000000000000000000e+00 7.000000000000000000e+00 3.000000000000000000e+00 9.798411607742309529e-03
3.000000000000000000e+00 7.000000000000000000e+00 4.000000000000000000e+00 9.853557348251343329e-03
3.000000000000000000e+00 7.000000000000000000e+00 5.000000000000000000e+00 9.850256204605101901e-03
3.000000000000000000e+00 7.000000000000000000e+00 6.000000000000000000e+00 1.015009689331054614e-02
3.000000000000000000e+00 7.000000000000000000e+00 7.000000000000000000e+00 1.033988785743713418e-02
3.000000000000000000e+00 7.000000000000000000e+00 8.000000000000000000e+00 1.083451938629150305e-02
3.000000000000000000e+00 7.000000000000000000e+00 9.000000000000000000e+00 1.334491252899169984e-02
3.000000000000000000e+00 7.000000000000000000e+00 1.000000000000000000e+01 1.344733381271362264e-02
3.000000000000000000e+00 8.000000000000000000e+00 3.000000000000000000e+00 1.029192328453064006e-02
3.000000000000000000e+00 8.000000000000000000e+00 4.000000000000000000e+00 1.033139276504516611e-02
3.000000000000000000e+00 8.000000000000000000e+00 5.000000000000000000e+00 1.034023761749267543e-02
3.000000000000000000e+00 8.000000000000000000e+00 6.000000000000000000e+00 1.061554145812988216e-02
3.000000000000000000e+00 8.000000000000000000e+00 7.000000000000000000e+00 1.092266559600830154e-02
3.000000000000000000e+00 8.000000000000000000e+00 8.000000000000000000e+00 1.141693973541259809e-02
3.000000000000000000e+00 8.000000000000000000e+00 9.000000000000000000e+00 1.359396719932556147e-02
3.000000000000000000e+00 8.000000000000000000e+00 1.000000000000000000e+01 1.590718507766723799e-02
3.000000000000000000e+00 9.000000000000000000e+00 3.000000000000000000e+00 1.127645826339721685e-02
3.000000000000000000e+00 9.000000000000000000e+00 4.000000000000000000e+00 1.126803803443908632e-02
3.000000000000000000e+00 9.000000000000000000e+00 5.000000000000000000e+00 1.128971838951110807e-02
3.000000000000000000e+00 9.000000000000000000e+00 6.000000000000000000e+00 1.289723348617553660e-02
3.000000000000000000e+00 9.000000000000000000e+00 7.000000000000000000e+00 1.333108448982238750e-02
3.000000000000000000e+00 9.000000000000000000e+00 8.000000000000000000e+00 1.388081264495849565e-02
3.000000000000000000e+00 9.000000000000000000e+00 9.000000000000000000e+00 1.406213593482971182e-02
3.000000000000000000e+00 9.000000000000000000e+00 1.000000000000000000e+01 2.063019609451293909e-02
3.000000000000000000e+00 1.000000000000000000e+01 3.000000000000000000e+00 1.195533251762390115e-02
3.000000000000000000e+00 1.000000000000000000e+01 4.000000000000000000e+00 1.199954366683959883e-02
3.000000000000000000e+00 1.000000000000000000e+01 5.000000000000000000e+00 1.205507206916809140e-02
3.000000000000000000e+00 1.000000000000000000e+01 6.000000000000000000e+00 1.435136723518371654e-02
3.000000000000000000e+00 1.000000000000000000e+01 7.000000000000000000e+00 1.534755587577819880e-02
3.000000000000000000e+00 1.000000000000000000e+01 8.000000000000000000e+00 1.653136968612670815e-02
3.000000000000000000e+00 1.000000000000000000e+01 9.000000000000000000e+00 1.956530141830444339e-02
3.000000000000000000e+00 1.000000000000000000e+01 1.000000000000000000e+01 2.676895022392273074e-02
4.000000000000000000e+00 3.000000000000000000e+00 3.000000000000000000e+00 4.980564355850219775e-03
4.000000000000000000e+00 3.000000000000000000e+00 4.000000000000000000e+00 9.387649297714233121e-03
4.000000000000000000e+00 3.000000000000000000e+00 5.000000000000000000e+00 9.511741876602173434e-03
4.000000000000000000e+00 3.000000000000000000e+00 6.000000000000000000e+00 9.692686796188353798e-03
4.000000000000000000e+00 3.000000000000000000e+00 7.000000000000000000e+00 9.836212635040282939e-03
4.000000000000000000e+00 3.000000000000000000e+00 8.000000000000000000e+00 1.043411064147949270e-02
4.000000000000000000e+00 3.000000000000000000e+00 9.000000000000000000e+00 1.361707234382629472e-02
4.000000000000000000e+00 3.000000000000000000e+00 1.000000000000000000e+01 1.214164066314697352e-02
4.000000000000000000e+00 4.000000000000000000e+00 3.000000000000000000e+00 9.340409517288207966e-03
4.000000000000000000e+00 4.000000000000000000e+00 4.000000000000000000e+00 9.295314073562621973e-03
4.000000000000000000e+00 4.000000000000000000e+00 5.000000000000000000e+00 9.394391775131225031e-03
4.000000000000000000e+00 4.000000000000000000e+00 6.000000000000000000e+00 9.673799037933349457e-03
4.000000000000000000e+00 4.000000000000000000e+00 7.000000000000000000e+00 9.829568624496460086e-03
4.000000000000000000e+00 4.000000000000000000e+00 8.000000000000000000e+00 1.027147436141967810e-02
4.000000000000000000e+00 4.000000000000000000e+00 9.000000000000000000e+00 1.334320497512817352e-02
4.000000000000000000e+00 4.000000000000000000e+00 1.000000000000000000e+01 1.198304820060729949e-02
4.000000000000000000e+00 5.000000000000000000e+00 3.000000000000000000e+00 9.434754610061645355e-03
4.000000000000000000e+00 5.000000000000000000e+00 4.000000000000000000e+00 9.383924484252929507e-03
4.000000000000000000e+00 5.000000000000000000e+00 5.000000000000000000e+00 9.442681550979614008e-03
4.000000000000000000e+00 5.000000000000000000e+00 6.000000000000000000e+00 9.698787689208983667e-03
4.000000000000000000e+00 5.000000000000000000e+00 7.000000000000000000e+00 9.911807537078856992e-03
4.000000000000000000e+00 5.000000000000000000e+00 8.000000000000000000e+00 1.024528193473815858e-02
4.000000000000000000e+00 5.000000000000000000e+00 9.000000000000000000e+00 1.362129092216491678e-02
4.000000000000000000e+00 5.000000000000000000e+00 1.000000000000000000e+01 1.200500774383544966e-02
4.000000000000000000e+00 6.000000000000000000e+00 3.000000000000000000e+00 9.558363199234008040e-03
4.000000000000000000e+00 6.000000000000000000e+00 4.000000000000000000e+00 9.481181383132935084e-03
4.000000000000000000e+00 6.000000000000000000e+00 5.000000000000000000e+00 9.764259099960327301e-03
4.000000000000000000e+00 6.000000000000000000e+00 6.000000000000000000e+00 9.676820993423462455e-03
4.000000000000000000e+00 6.000000000000000000e+00 7.000000000000000000e+00 1.008651375770568820e-02
4.000000000000000000e+00 6.000000000000000000e+00 8.000000000000000000e+00 1.048112440109252863e-02
4.000000000000000000e+00 6.000000000000000000e+00 9.000000000000000000e+00 1.361299848556518470e-02
4.000000000000000000e+00 6.000000000000000000e+00 1.000000000000000000e+01 1.271227097511291523e-02
4.000000000000000000e+00 7.000000000000000000e+00 3.000000000000000000e+00 9.880848884582519448e-03
4.000000000000000000e+00 7.000000000000000000e+00 4.000000000000000000e+00 9.856627941131592546e-03
4.000000000000000000e+00 7.000000000000000000e+00 5.000000000000000000e+00 9.883140802383422185e-03
4.000000000000000000e+00 7.000000000000000000e+00 6.000000000000000000e+00 1.013906526565551761e-02
4.000000000000000000e+00 7.000000000000000000e+00 7.000000000000000000e+00 1.021221971511840874e-02
4.000000000000000000e+00 7.000000000000000000e+00 8.000000000000000000e+00 1.078017234802246087e-02
4.000000000000000000e+00 7.000000000000000000e+00 9.000000000000000000e+00 1.411645174026489313e-02
4.000000000000000000e+00 7.000000000000000000e+00 1.000000000000000000e+01 1.327367377281188886e-02
4.000000000000000000e+00 8.000000000000000000e+00 3.000000000000000000e+00 1.029486417770385763e-02
4.000000000000000000e+00 8.000000000000000000e+00 4.000000000000000000e+00 1.028875660896301329e-02
4.000000000000000000e+00 8.000000000000000000e+00 5.000000000000000000e+00 1.037818503379821754e-02
4.000000000000000000e+00 8.000000000000000000e+00 6.000000000000000000e+00 1.058291792869567836e-02
4.000000000000000000e+00 8.000000000000000000e+00 7.000000000000000000e+00 1.086477708816528318e-02
4.000000000000000000e+00 8.000000000000000000e+00 8.000000000000000000e+00 1.246073055267333911e-02
4.000000000000000000e+00 8.000000000000000000e+00 9.000000000000000000e+00 1.353227233886718749e-02
4.000000000000000000e+00 8.000000000000000000e+00 1.000000000000000000e+01 1.860929965972900335e-02
4.000000000000000000e+00 9.000000000000000000e+00 3.000000000000000000e+00 1.341925764083862389e-02
4.000000000000000000e+00 9.000000000000000000e+00 4.000000000000000000e+00 1.347842121124267524e-02
4.000000000000000000e+00 9.000000000000000000e+00 5.000000000000000000e+00 1.355942368507385282e-02
4.000000000000000000e+00 9.000000000000000000e+00 6.000000000000000000e+00 1.416392493247985856e-02
4.000000000000000000e+00 9.000000000000000000e+00 7.000000000000000000e+00 1.446989321708679228e-02
4.000000000000000000e+00 9.000000000000000000e+00 8.000000000000000000e+00 1.531802439689636253e-02
4.000000000000000000e+00 9.000000000000000000e+00 9.000000000000000000e+00 1.546525716781616162e-02
4.000000000000000000e+00 9.000000000000000000e+00 1.000000000000000000e+01 2.061064505577087438e-02
4.000000000000000000e+00 1.000000000000000000e+01 3.000000000000000000e+00 1.199805045127868598e-02
4.000000000000000000e+00 1.000000000000000000e+01 4.000000000000000000e+00 1.201703166961669983e-02
4.000000000000000000e+00 1.000000000000000000e+01 5.000000000000000000e+00 1.209688639640808111e-02
4.000000000000000000e+00 1.000000000000000000e+01 6.000000000000000000e+00 1.454835486412048295e-02
4.000000000000000000e+00 1.000000000000000000e+01 7.000000000000000000e+00 1.633371138572693032e-02
4.000000000000000000e+00 1.000000000000000000e+01 8.000000000000000000e+00 1.683914542198181041e-02
4.000000000000000000e+00 1.000000000000000000e+01 9.000000000000000000e+00 2.064268898963928303e-02
4.000000000000000000e+00 1.000000000000000000e+01 1.000000000000000000e+01 2.670084333419799755e-02
5.000000000000000000e+00 3.000000000000000000e+00 3.000000000000000000e+00 5.168033599853515646e-03
5.000000000000000000e+00 3.000000000000000000e+00 4.000000000000000000e+00 4.919362783432006808e-03
5.000000000000000000e+00 3.000000000000000000e+00 5.000000000000000000e+00 4.937679767608642821e-03
5.000000000000000000e+00 3.000000000000000000e+00 6.000000000000000000e+00 5.267959833145141428e-03
5.000000000000000000e+00 3.000000000000000000e+00 7.000000000000000000e+00 5.527632236480712821e-03
5.000000000000000000e+00 3.000000000000000000e+00 8.000000000000000000e+00 5.818428516387939842e-03
5.000000000000000000e+00 3.000000000000000000e+00 9.000000000000000000e+00 7.019969224929809189e-03
5.000000000000000000e+00 3.000000000000000000e+00 1.000000000000000000e+01 1.233635187149047935e-02
5.000000000000000000e+00 4.000000000000000000e+00 3.000000000000000000e+00 5.236176967620849269e-03
5.000000000000000000e+00 4.000000000000000000e+00 4.000000000000000000e+00 5.105213642120361162e-03
5.000000000000000000e+00 4.000000000000000000e+00 5.000000000000000000e+00 5.250200510025024823e-03
5.000000000000000000e+00 4.000000000000000000e+00 6.000000000000000000e+00 5.348454952239989867e-03
5.000000000000000000e+00 4.000000000000000000e+00 7.000000000000000000e+00 5.378566980361938754e-03
5.000000000000000000e+00 4.000000000000000000e+00 8.000000000000000000e+00 5.904084205627441705e-03
5.000000000000000000e+00 4.000000000000000000e+00 9.000000000000000000e+00 7.061811208724975975e-03
5.000000000000000000e+00 4.000000000000000000e+00 1.000000000000000000e+01 1.220854663848876948e-02
5.000000000000000000e+00 5.000000000000000000e+00 3.000000000000000000e+00 5.260005235671997431e-03
5.000000000000000000e+00 5.000000000000000000e+00 4.000000000000000000e+00 5.117192745208740644e-03
5.000000000000000000e+00 5.000000000000000000e+00 5.000000000000000000e+00 5.227617740631103696e-03
5.000000000000000000e+00 5.000000000000000000e+00 6.000000000000000000e+00 5.153141260147094810e-03
5.000000000000000000e+00 5.000000000000000000e+00 7.000000000000000000e+00 5.444135189056396526e-03
5.000000000000000000e+00 5.000000000000000000e+00 8.000000000000000000e+00 5.642423152923584095e-03
5.000000000000000000e+00 5.000000000000000000e+00 9.000000000000000000e+00 6.993790149688720349e-03
5.000000000000000000e+00 5.000000000000000000e+00 1.000000000000000000e+01 1.228205275535583507e-02
5.000000000000000000e+00 6.000000000000000000e+00 3.000000000000000000e+00 5.339348316192626606e-03
5.000000000000000000e+00 6.000000000000000000e+00 4.000000000000000000e+00 5.363229751586913972e-03
5.000000000000000000e+00 6.000000000000000000e+00 5.000000000000000000e+00 5.343245267868041923e-03
5.000000000000000000e+00 6.000000000000000000e+00 6.000000000000000000e+00 5.462467908859252978e-03
5.000000000000000000e+00 6.000000000000000000e+00 7.000000000000000000e+00 5.489009857177734597e-03
5.000000000000000000e+00 6.000000000000000000e+00 8.000000000000000000e+00 5.995349168777465605e-03
5.000000000000000000e+00 6.000000000000000000e+00 9.000000000000000000e+00 6.925846099853515472e-03
5.000000000000000000e+00 6.000000000000000000e+00 1.000000000000000000e+01 1.321491837501525927e-02
5.000000000000000000e+00 7.000000000000000000e+00 3.000000000000000000e+00 5.224734783172607470e-03
5.000000000000000000e+00 7.000000000000000000e+00 4.000000000000000000e+00 5.400054693222046225e-03
5.000000000000000000e+00 7.000000000000000000e+00 5.000000000000000000e+00 5.443777561187744182e-03
5.000000000000000000e+00 7.000000000000000000e+00 6.000000000000000000e+00 5.675885677337646346e-03
5.000000000000000000e+00 7.000000000000000000e+00 7.000000000000000000e+00 5.708228588104247679e-03
5.000000000000000000e+00 7.000000000000000000e+00 8.000000000000000000e+00 6.174137353897094470e-03
5.000000000000000000e+00 7.000000000000000000e+00 9.000000000000000000e+00 1.270496821403503500e-02
5.000000000000000000e+00 7.000000000000000000e+00 1.000000000000000000e+01 1.362923979759216378e-02
5.000000000000000000e+00 8.000000000000000000e+00 3.000000000000000000e+00 5.574412584304809341e-03
5.000000000000000000e+00 8.000000000000000000e+00 4.000000000000000000e+00 5.728295564651489195e-03
5.000000000000000000e+00 8.000000000000000000e+00 5.000000000000000000e+00 5.725506782531738191e-03
5.000000000000000000e+00 8.000000000000000000e+00 6.000000000000000000e+00 5.951898574829101590e-03
5.000000000000000000e+00 8.000000000000000000e+00 7.000000000000000000e+00 6.118943691253661901e-03
5.000000000000000000e+00 8.000000000000000000e+00 8.000000000000000000e+00 6.573430061340332017e-03
5.000000000000000000e+00 8.000000000000000000e+00 9.000000000000000000e+00 7.744415521621704317e-03
5.000000000000000000e+00 8.000000000000000000e+00 1.000000000000000000e+01 1.450598740577697769e-02
5.000000000000000000e+00 9.000000000000000000e+00 3.000000000000000000e+00 7.054511308670043807e-03
5.000000000000000000e+00 9.000000000000000000e+00 4.000000000000000000e+00 7.010977029800415442e-03
5.000000000000000000e+00 9.000000000000000000e+00 5.000000000000000000e+00 7.059251308441162262e-03
5.000000000000000000e+00 9.000000000000000000e+00 6.000000000000000000e+00 7.656675577163696116e-03
5.000000000000000000e+00 9.000000000000000000e+00 7.000000000000000000e+00 7.987702369689941156e-03
5.000000000000000000e+00 9.000000000000000000e+00 8.000000000000000000e+00 8.713428020477295699e-03
5.000000000000000000e+00 9.000000000000000000e+00 9.000000000000000000e+00 1.523117804527282688e-02
5.000000000000000000e+00 9.000000000000000000e+00 1.000000000000000000e+01 2.069815421104431036e-02
5.000000000000000000e+00 1.000000000000000000e+01 3.000000000000000000e+00 1.210493063926696734e-02
5.000000000000000000e+00 1.000000000000000000e+01 4.000000000000000000e+00 1.211755990982055740e-02
5.000000000000000000e+00 1.000000000000000000e+01 5.000000000000000000e+00 1.213689804077148354e-02
5.000000000000000000e+00 1.000000000000000000e+01 6.000000000000000000e+00 1.442875385284423870e-02
5.000000000000000000e+00 1.000000000000000000e+01 7.000000000000000000e+00 1.646970605850219677e-02
5.000000000000000000e+00 1.000000000000000000e+01 8.000000000000000000e+00 1.697706604003906133e-02
5.000000000000000000e+00 1.000000000000000000e+01 9.000000000000000000e+00 2.086741566658020103e-02
5.000000000000000000e+00 1.000000000000000000e+01 1.000000000000000000e+01 2.688962769508361841e-02
6.000000000000000000e+00 3.000000000000000000e+00 3.000000000000000000e+00 6.139584302902221548e-03
6.000000000000000000e+00 3.000000000000000000e+00 4.000000000000000000e+00 6.065763235092162808e-03
6.000000000000000000e+00 3.000000000000000000e+00 5.000000000000000000e+00 6.080260992050170836e-03
6.000000000000000000e+00 3.000000000000000000e+00 6.000000000000000000e+00 6.141172647476196220e-03
6.000000000000000000e+00 3.000000000000000000e+00 7.000000000000000000e+00 6.407855033874511330e-03
6.000000000000000000e+00 3.000000000000000000e+00 8.000000000000000000e+00 6.675688505172729104e-03
6.000000000000000000e+00 3.000000000000000000e+00 9.000000000000000000e+00 7.852089881896973447e-03
6.000000000000000000e+00 3.000000000000000000e+00 1.000000000000000000e+01 1.444962167739868159e-02
6.000000000000000000e+00 4.000000000000000000e+00 3.000000000000000000e+00 6.056575059890746682e-03
6.000000000000000000e+00 4.000000000000000000e+00 4.000000000000000000e+00 5.963184833526611293e-03
6.000000000000000000e+00 4.000000000000000000e+00 5.000000000000000000e+00 5.895260810852050691e-03
6.000000000000000000e+00 4.000000000000000000e+00 6.000000000000000000e+00 6.209077358245849998e-03
6.000000000000000000e+00 4.000000000000000000e+00 7.000000000000000000e+00 6.282064676284789852e-03
6.000000000000000000e+00 4.000000000000000000e+00 8.000000000000000000e+00 6.743925094604492215e-03
6.000000000000000000e+00 4.000000000000000000e+00 9.000000000000000000e+00 7.621716737747192064e-03
6.000000000000000000e+00 4.000000000000000000e+00 1.000000000000000000e+01 1.424107575416564894e-02
6.000000000000000000e+00 5.000000000000000000e+00 3.000000000000000000e+00 6.142552852630615325e-03
6.000000000000000000e+00 5.000000000000000000e+00 4.000000000000000000e+00 6.090193033218383595e-03
6.000000000000000000e+00 5.000000000000000000e+00 5.000000000000000000e+00 6.090774059295654512e-03
6.000000000000000000e+00 5.000000000000000000e+00 6.000000000000000000e+00 6.211527347564697182e-03
6.000000000000000000e+00 5.000000000000000000e+00 7.000000000000000000e+00 6.459402322769165067e-03
6.000000000000000000e+00 5.000000000000000000e+00 8.000000000000000000e+00 6.769234895706176605e-03
6.000000000000000000e+00 5.000000000000000000e+00 9.000000000000000000e+00 7.855747461318968866e-03
6.000000000000000000e+00 5.000000000000000000e+00 1.000000000000000000e+01 1.429706788063049398e-02
6.000000000000000000e+00 6.000000000000000000e+00 3.000000000000000000e+00 6.177381277084350274e-03
6.000000000000000000e+00 6.000000000000000000e+00 4.000000000000000000e+00 5.934075355529784893e-03
6.000000000000000000e+00 6.000000000000000000e+00 5.000000000000000000e+00 6.085855245590209885e-03
6.000000000000000000e+00 6.000000000000000000e+00 6.000000000000000000e+00 6.237135171890258525e-03
6.000000000000000000e+00 6.000000000000000000e+00 7.000000000000000000e+00 6.485997915267944190e-03
6.000000000000000000e+00 6.000000000000000000e+00 8.000000000000000000e+00 6.930899620056152170e-03
6.000000000000000000e+00 6.000000000000000000e+00 9.000000000000000000e+00 7.879235506057739175e-03
6.000000000000000000e+00 6.000000000000000000e+00 1.000000000000000000e+01 1.474147129058837880e-02
6.000000000000000000e+00 7.000000000000000000e+00 3.000000000000000000e+00 6.460774421691894802e-03
6.000000000000000000e+00 7.000000000000000000e+00 4.000000000000000000e+00 6.419756650924682631e-03
6.000000000000000000e+00 7.000000000000000000e+00 5.000000000000000000e+00 6.501959323883056523e-03
6.000000000000000000e+00 7.000000000000000000e+00 6.000000000000000000e+00 6.403328895568848045e-03
6.000000000000000000e+00 7.000000000000000000e+00 7.000000000000000000e+00 1.230089950561523426e-02
6.000000000000000000e+00 7.000000000000000000e+00 8.000000000000000000e+00 1.275107312202453623e-02
6.000000000000000000e+00 7.000000000000000000e+00 9.000000000000000000e+00 1.348725867271423351e-02
6.000000000000000000e+00 7.000000000000000000e+00 1.000000000000000000e+01 1.505285263061523389e-02
6.000000000000000000e+00 8.000000000000000000e+00 3.000000000000000000e+00 1.246459054946899396e-02
6.000000000000000000e+00 8.000000000000000000e+00 4.000000000000000000e+00 1.247127127647399900e-02
6.000000000000000000e+00 8.000000000000000000e+00 5.000000000000000000e+00 1.251777696609497094e-02
6.000000000000000000e+00 8.000000000000000000e+00 6.000000000000000000e+00 1.272705197334289551e-02
6.000000000000000000e+00 8.000000000000000000e+00 7.000000000000000000e+00 1.305226826667785570e-02
6.000000000000000000e+00 8.000000000000000000e+00 8.000000000000000000e+00 1.484659504890441933e-02
6.000000000000000000e+00 8.000000000000000000e+00 9.000000000000000000e+00 1.583342313766479548e-02
6.000000000000000000e+00 8.000000000000000000e+00 1.000000000000000000e+01 2.084608840942382690e-02
6.000000000000000000e+00 9.000000000000000000e+00 3.000000000000000000e+00 1.496645617485046348e-02
6.000000000000000000e+00 9.000000000000000000e+00 4.000000000000000000e+00 1.502571797370910560e-02
6.000000000000000000e+00 9.000000000000000000e+00 5.000000000000000000e+00 1.516908288002014223e-02
6.000000000000000000e+00 9.000000000000000000e+00 6.000000000000000000e+00 1.551514267921447719e-02
6.000000000000000000e+00 9.000000000000000000e+00 7.000000000000000000e+00 1.600476908683776817e-02
6.000000000000000000e+00 9.000000000000000000e+00 8.000000000000000000e+00 1.685972166061401253e-02
6.000000000000000000e+00 9.000000000000000000e+00 9.000000000000000000e+00 1.687470436096191392e-02
6.000000000000000000e+00 9.000000000000000000e+00 1.000000000000000000e+01 2.190170240402221705e-02
6.000000000000000000e+00 1.000000000000000000e+01 3.000000000000000000e+00 1.439439105987548768e-02
6.000000000000000000e+00 1.000000000000000000e+01 4.000000000000000000e+00 1.441553997993469220e-02
6.000000000000000000e+00 1.000000000000000000e+01 5.000000000000000000e+00 1.455721521377563443e-02
6.000000000000000000e+00 1.000000000000000000e+01 6.000000000000000000e+00 1.646648311614990270e-02
6.000000000000000000e+00 1.000000000000000000e+01 7.000000000000000000e+00 1.801036453247070387e-02
6.000000000000000000e+00 1.000000000000000000e+01 8.000000000000000000e+00 1.874327421188354617e-02
6.000000000000000000e+00 1.000000000000000000e+01 9.000000000000000000e+00 2.193974828720092821e-02
6.000000000000000000e+00 1.000000000000000000e+01 1.000000000000000000e+01 2.935863471031189068e-02
7.000000000000000000e+00 3.000000000000000000e+00 3.000000000000000000e+00 1.081767916679382373e-02
7.000000000000000000e+00 3.000000000000000000e+00 4.000000000000000000e+00 1.096055030822753844e-02
7.000000000000000000e+00 3.000000000000000000e+00 5.000000000000000000e+00 1.070862555503845209e-02
7.000000000000000000e+00 3.000000000000000000e+00 6.000000000000000000e+00 1.101209807395935047e-02
7.000000000000000000e+00 3.000000000000000000e+00 7.000000000000000000e+00 1.297902941703796449e-02
7.000000000000000000e+00 3.000000000000000000e+00 8.000000000000000000e+00 1.338057065010070726e-02
7.000000000000000000e+00 3.000000000000000000e+00 9.000000000000000000e+00 1.836604642868042148e-02
7.000000000000000000e+00 3.000000000000000000e+00 1.000000000000000000e+01 1.771223664283752552e-02
7.000000000000000000e+00 4.000000000000000000e+00 3.000000000000000000e+00 1.074288201332092296e-02
7.000000000000000000e+00 4.000000000000000000e+00 4.000000000000000000e+00 1.068185400962829573e-02
7.000000000000000000e+00 4.000000000000000000e+00 5.000000000000000000e+00 1.073470687866211019e-02
7.000000000000000000e+00 4.000000000000000000e+00 6.000000000000000000e+00 1.090673375129699689e-02
7.000000000000000000e+00 4.000000000000000000e+00 7.000000000000000000e+00 1.307997632026672297e-02
7.000000000000000000e+00 4.000000000000000000e+00 8.000000000000000000e+00 1.325174665451049789e-02
7.000000000000000000e+00 4.000000000000000000e+00 9.000000000000000000e+00 1.828686022758483840e-02
7.000000000000000000e+00 4.000000000000000000e+00 1.000000000000000000e+01 1.770042634010314878e-02
7.000000000000000000e+00 5.000000000000000000e+00 3.000000000000000000e+00 1.086171746253967313e-02
7.000000000000000000e+00 5.000000000000000000e+00 4.000000000000000000e+00 1.071283030509948692e-02
7.000000000000000000e+00 5.000000000000000000e+00 5.000000000000000000e+00 1.082468342781066871e-02
7.000000000000000000e+00 5.000000000000000000e+00 6.000000000000000000e+00 1.165873885154724079e-02
7.000000000000000000e+00 5.000000000000000000e+00 7.000000000000000000e+00 1.321615314483642542e-02
7.000000000000000000e+00 5.000000000000000000e+00 8.000000000000000000e+00 1.336762762069702154e-02
7.000000000000000000e+00 5.000000000000000000e+00 9.000000000000000000e+00 1.837599134445190574e-02
7.000000000000000000e+00 5.000000000000000000e+00 1.000000000000000000e+01 1.780937433242797685e-02
7.000000000000000000e+00 6.000000000000000000e+00 3.000000000000000000e+00 1.124400663375854474e-02
7.000000000000000000e+00 6.000000000000000000e+00 4.000000000000000000e+00 1.114073634147644092e-02
7.000000000000000000e+00 6.000000000000000000e+00 5.000000000000000000e+00 1.147617435455322230e-02
7.000000000000000000e+00 6.000000000000000000e+00 6.000000000000000000e+00 1.270426869392395075e-02
7.000000000000000000e+00 6.000000000000000000e+00 7.000000000000000000e+00 1.364901423454284619e-02
7.000000000000000000e+00 6.000000000000000000e+00 8.000000000000000000e+00 1.393693423271179233e-02
7.000000000000000000e+00 6.000000000000000000e+00 9.000000000000000000e+00 1.905751681327819830e-02
7.000000000000000000e+00 6.000000000000000000e+00 1.000000000000000000e+01 1.875255870819091814e-02
7.000000000000000000e+00 7.000000000000000000e+00 3.000000000000000000e+00 1.123955130577087430e-02
7.000000000000000000e+00 7.000000000000000000e+00 4.000000000000000000e+00 1.115785646438598698e-02
7.000000000000000000e+00 7.000000000000000000e+00 5.000000000000000000e+00 1.128511905670166043e-02
7.000000000000000000e+00 7.000000000000000000e+00 6.000000000000000000e+00 1.160214900970459040e-02
7.000000000000000000e+00 7.000000000000000000e+00 7.000000000000000000e+00 1.152834868431091252e-02
7.000000000000000000e+00 7.000000000000000000e+00 8.000000000000000000e+00 1.195060014724731376e-02
7.000000000000000000e+00 7.000000000000000000e+00 9.000000000000000000e+00 1.470180869102478104e-02
7.000000000000000000e+00 7.000000000000000000e+00 1.000000000000000000e+01 1.697139596939086989e-02
7.000000000000000000e+00 8.000000000000000000e+00 3.000000000000000000e+00 1.160577106475830025e-02
7.000000000000000000e+00 8.000000000000000000e+00 4.000000000000000000e+00 1.156844687461852997e-02
7.000000000000000000e+00 8.000000000000000000e+00 5.000000000000000000e+00 1.161100149154663079e-02
7.000000000000000000e+00 8.000000000000000000e+00 6.000000000000000000e+00 1.213040995597839365e-02
7.000000000000000000e+00 8.000000000000000000e+00 7.000000000000000000e+00 1.206185173988342206e-02
7.000000000000000000e+00 8.000000000000000000e+00 8.000000000000000000e+00 1.288856649398803685e-02
7.000000000000000000e+00 8.000000000000000000e+00 9.000000000000000000e+00 1.410111808776855387e-02
7.000000000000000000e+00 8.000000000000000000e+00 1.000000000000000000e+01 1.976606607437133775e-02
7.000000000000000000e+00 9.000000000000000000e+00 3.000000000000000000e+00 1.355978250503540004e-02
7.000000000000000000e+00 9.000000000000000000e+00 4.000000000000000000e+00 1.361037445068359435e-02
7.000000000000000000e+00 9.000000000000000000e+00 5.000000000000000000e+00 1.325357222557067838e-02
7.000000000000000000e+00 9.000000000000000000e+00 6.000000000000000000e+00 1.417459082603454538e-02
7.000000000000000000e+00 9.000000000000000000e+00 7.000000000000000000e+00 1.430813097953796340e-02
7.000000000000000000e+00 9.000000000000000000e+00 8.000000000000000000e+00 1.506752252578735275e-02
7.000000000000000000e+00 9.000000000000000000e+00 9.000000000000000000e+00 1.816425824165344288e-02
7.000000000000000000e+00 9.000000000000000000e+00 1.000000000000000000e+01 2.333206558227539015e-02
7.000000000000000000e+00 1.000000000000000000e+01 3.000000000000000000e+00 1.708322954177856484e-02
7.000000000000000000e+00 1.000000000000000000e+01 4.000000000000000000e+00 1.707905387878418113e-02
7.000000000000000000e+00 1.000000000000000000e+01 5.000000000000000000e+00 1.657362890243530354e-02
7.000000000000000000e+00 1.000000000000000000e+01 6.000000000000000000e+00 1.880827331542968620e-02
7.000000000000000000e+00 1.000000000000000000e+01 7.000000000000000000e+00 1.885489320755004763e-02
7.000000000000000000e+00 1.000000000000000000e+01 8.000000000000000000e+00 2.031433916091918840e-02
7.000000000000000000e+00 1.000000000000000000e+01 9.000000000000000000e+00 2.393204283714294583e-02
7.000000000000000000e+00 1.000000000000000000e+01 1.000000000000000000e+01 3.032368445396423431e-02
8.000000000000000000e+00 3.000000000000000000e+00 3.000000000000000000e+00 1.237933063507080066e-02
8.000000000000000000e+00 3.000000000000000000e+00 4.000000000000000000e+00 1.223910355567932144e-02
8.000000000000000000e+00 3.000000000000000000e+00 5.000000000000000000e+00 1.222587394714355451e-02
8.000000000000000000e+00 3.000000000000000000e+00 6.000000000000000000e+00 1.285794186592102012e-02
8.000000000000000000e+00 3.000000000000000000e+00 7.000000000000000000e+00 1.480289196968078563e-02
8.000000000000000000e+00 3.000000000000000000e+00 8.000000000000000000e+00 1.541333866119384832e-02
8.000000000000000000e+00 3.000000000000000000e+00 9.000000000000000000e+00 1.372830033302307150e-02
8.000000000000000000e+00 3.000000000000000000e+00 1.000000000000000000e+01 1.974009299278259300e-02
8.000000000000000000e+00 4.000000000000000000e+00 3.000000000000000000e+00 1.275246882438659662e-02
8.000000000000000000e+00 4.000000000000000000e+00 4.000000000000000000e+00 1.287749600410461465e-02
8.000000000000000000e+00 4.000000000000000000e+00 5.000000000000000000e+00 1.296589446067810021e-02
8.000000000000000000e+00 4.000000000000000000e+00 6.000000000000000000e+00 1.350313735008239723e-02
8.000000000000000000e+00 4.000000000000000000e+00 7.000000000000000000e+00 1.522670626640319769e-02
8.000000000000000000e+00 4.000000000000000000e+00 8.000000000000000000e+00 1.514151477813720746e-02
8.000000000000000000e+00 4.000000000000000000e+00 9.000000000000000000e+00 1.971747350692748882e-02
8.000000000000000000e+00 4.000000000000000000e+00 1.000000000000000000e+01 1.983738136291503945e-02
8.000000000000000000e+00 5.000000000000000000e+00 3.000000000000000000e+00 1.308169889450073314e-02
8.000000000000000000e+00 5.000000000000000000e+00 4.000000000000000000e+00 1.292092084884643478e-02
8.000000000000000000e+00 5.000000000000000000e+00 5.000000000000000000e+00 1.289684844017028806e-02
8.000000000000000000e+00 5.000000000000000000e+00 6.000000000000000000e+00 1.360068774223327677e-02
8.000000000000000000e+00 5.000000000000000000e+00 7.000000000000000000e+00 1.480869531631469685e-02
8.000000000000000000e+00 5.000000000000000000e+00 8.000000000000000000e+00 1.581097722053527790e-02
8.000000000000000000e+00 5.000000000000000000e+00 9.000000000000000000e+00 1.994361448287963745e-02
8.000000000000000000e+00 5.000000000000000000e+00 1.000000000000000000e+01 1.983976006507873549e-02
8.000000000000000000e+00 6.000000000000000000e+00 3.000000000000000000e+00 1.321074891090393000e-02
8.000000000000000000e+00 6.000000000000000000e+00 4.000000000000000000e+00 1.331988573074340855e-02
8.000000000000000000e+00 6.000000000000000000e+00 5.000000000000000000e+00 1.397621083259582495e-02
8.000000000000000000e+00 6.000000000000000000e+00 6.000000000000000000e+00 1.356456398963928195e-02
8.000000000000000000e+00 6.000000000000000000e+00 7.000000000000000000e+00 1.416330957412719783e-02
8.000000000000000000e+00 6.000000000000000000e+00 8.000000000000000000e+00 1.519198656082153265e-02
8.000000000000000000e+00 6.000000000000000000e+00 9.000000000000000000e+00 1.785067319869994978e-02
8.000000000000000000e+00 6.000000000000000000e+00 1.000000000000000000e+01 2.019743752479553206e-02
8.000000000000000000e+00 7.000000000000000000e+00 3.000000000000000000e+00 1.301928329467773489e-02
8.000000000000000000e+00 7.000000000000000000e+00 4.000000000000000000e+00 1.323788833618164129e-02
8.000000000000000000e+00 7.000000000000000000e+00 5.000000000000000000e+00 1.312401986122131367e-02
8.000000000000000000e+00 7.000000000000000000e+00 6.000000000000000000e+00 1.354212999343872015e-02
8.000000000000000000e+00 7.000000000000000000e+00 7.000000000000000000e+00 1.373519968986511297e-02
8.000000000000000000e+00 7.000000000000000000e+00 8.000000000000000000e+00 1.371610927581787091e-02
8.000000000000000000e+00 7.000000000000000000e+00 9.000000000000000000e+00 1.552989220619201659e-02
8.000000000000000000e+00 7.000000000000000000e+00 1.000000000000000000e+01 1.859786486625671434e-02
8.000000000000000000e+00 8.000000000000000000e+00 3.000000000000000000e+00 1.352692365646362277e-02
8.000000000000000000e+00 8.000000000000000000e+00 4.000000000000000000e+00 1.363494992256164551e-02
8.000000000000000000e+00 8.000000000000000000e+00 5.000000000000000000e+00 1.375997781753540011e-02
8.000000000000000000e+00 8.000000000000000000e+00 6.000000000000000000e+00 1.407518935203552236e-02
8.000000000000000000e+00 8.000000000000000000e+00 7.000000000000000000e+00 1.379862666130065967e-02
8.000000000000000000e+00 8.000000000000000000e+00 8.000000000000000000e+00 1.442833971977233905e-02
8.000000000000000000e+00 8.000000000000000000e+00 9.000000000000000000e+00 1.560045838356018122e-02
8.000000000000000000e+00 8.000000000000000000e+00 1.000000000000000000e+01 1.996627187728881869e-02
8.000000000000000000e+00 9.000000000000000000e+00 3.000000000000000000e+00 1.605664706230163635e-02
8.000000000000000000e+00 9.000000000000000000e+00 4.000000000000000000e+00 1.592943406105041398e-02
8.000000000000000000e+00 9.000000000000000000e+00 5.000000000000000000e+00 1.599076509475708119e-02
8.000000000000000000e+00 9.000000000000000000e+00 6.000000000000000000e+00 1.676558494567871246e-02
8.000000000000000000e+00 9.000000000000000000e+00 7.000000000000000000e+00 1.676427173614502067e-02
8.000000000000000000e+00 9.000000000000000000e+00 8.000000000000000000e+00 1.758720231056213473e-02
8.000000000000000000e+00 9.000000000000000000e+00 9.000000000000000000e+00 1.942218327522277771e-02
8.000000000000000000e+00 9.000000000000000000e+00 1.000000000000000000e+01 2.575627422332763677e-02
8.000000000000000000e+00 1.000000000000000000e+01 3.000000000000000000e+00 1.979593181610107486e-02
8.000000000000000000e+00 1.000000000000000000e+01 4.000000000000000000e+00 1.941641378402710061e-02
8.000000000000000000e+00 1.000000000000000000e+01 5.000000000000000000e+00 1.951021933555602966e-02
8.000000000000000000e+00 1.000000000000000000e+01 6.000000000000000000e+00 2.055188107490539540e-02
8.000000000000000000e+00 1.000000000000000000e+01 7.000000000000000000e+00 2.154852318763732927e-02
8.000000000000000000e+00 1.000000000000000000e+01 8.000000000000000000e+00 2.269193935394287279e-02
8.000000000000000000e+00 1.000000000000000000e+01 9.000000000000000000e+00 2.632605051994323792e-02
8.000000000000000000e+00 1.000000000000000000e+01 1.000000000000000000e+01 3.304373478889465615e-02
9.000000000000000000e+00 3.000000000000000000e+00 3.000000000000000000e+00 1.488015747070312554e-02
9.000000000000000000e+00 3.000000000000000000e+00 4.000000000000000000e+00 1.487136650085449201e-02
9.000000000000000000e+00 3.000000000000000000e+00 5.000000000000000000e+00 1.494805669784545973e-02
9.000000000000000000e+00 3.000000000000000000e+00 6.000000000000000000e+00 1.496483445167541559e-02
9.000000000000000000e+00 3.000000000000000000e+00 7.000000000000000000e+00 1.597155547142028661e-02
9.000000000000000000e+00 3.000000000000000000e+00 8.000000000000000000e+00 1.771206402778625552e-02
9.000000000000000000e+00 3.000000000000000000e+00 9.000000000000000000e+00 1.753070497512817377e-02
9.000000000000000000e+00 3.000000000000000000e+00 1.000000000000000000e+01 2.192439270019531233e-02
9.000000000000000000e+00 4.000000000000000000e+00 3.000000000000000000e+00 1.489361286163329995e-02
9.000000000000000000e+00 4.000000000000000000e+00 4.000000000000000000e+00 1.487983918190002516e-02
9.000000000000000000e+00 4.000000000000000000e+00 5.000000000000000000e+00 1.453049111366271941e-02
9.000000000000000000e+00 4.000000000000000000e+00 6.000000000000000000e+00 1.543083286285400375e-02
9.000000000000000000e+00 4.000000000000000000e+00 7.000000000000000000e+00 1.587571287155151514e-02
9.000000000000000000e+00 4.000000000000000000e+00 8.000000000000000000e+00 1.768711614608764818e-02
9.000000000000000000e+00 4.000000000000000000e+00 9.000000000000000000e+00 2.171587729454040397e-02
9.000000000000000000e+00 4.000000000000000000e+00 1.000000000000000000e+01 2.192346048355102439e-02
9.000000000000000000e+00 5.000000000000000000e+00 3.000000000000000000e+00 1.490859222412109324e-02
9.000000000000000000e+00 5.000000000000000000e+00 4.000000000000000000e+00 1.485766315460205003e-02
9.000000000000000000e+00 5.000000000000000000e+00 5.000000000000000000e+00 1.488053703308105449e-02
9.000000000000000000e+00 5.000000000000000000e+00 6.000000000000000000e+00 1.555031108856201258e-02
9.000000000000000000e+00 5.000000000000000000e+00 7.000000000000000000e+00 1.699738502502441337e-02
9.000000000000000000e+00 5.000000000000000000e+00 8.000000000000000000e+00 1.807435750961303850e-02
9.000000000000000000e+00 5.000000000000000000e+00 9.000000000000000000e+00 2.200145363807678306e-02
9.000000000000000000e+00 5.000000000000000000e+00 1.000000000000000000e+01 2.220306420326232863e-02
9.000000000000000000e+00 6.000000000000000000e+00 3.000000000000000000e+00 1.566462302207946924e-02
9.000000000000000000e+00 6.000000000000000000e+00 4.000000000000000000e+00 1.589966678619384594e-02
9.000000000000000000e+00 6.000000000000000000e+00 5.000000000000000000e+00 1.613130927085876590e-02
9.000000000000000000e+00 6.000000000000000000e+00 6.000000000000000000e+00 1.618671989440918085e-02
9.000000000000000000e+00 6.000000000000000000e+00 7.000000000000000000e+00 1.657426977157592726e-02
9.000000000000000000e+00 6.000000000000000000e+00 8.000000000000000000e+00 1.775691676139831698e-02
9.000000000000000000e+00 6.000000000000000000e+00 9.000000000000000000e+00 2.243015742301941035e-02
9.000000000000000000e+00 6.000000000000000000e+00 1.000000000000000000e+01 2.271640515327453744e-02
9.000000000000000000e+00 7.000000000000000000e+00 3.000000000000000000e+00 1.574228549003600999e-02
9.000000000000000000e+00 7.000000000000000000e+00 4.000000000000000000e+00 1.557404661178588869e-02
9.000000000000000000e+00 7.000000000000000000e+00 5.000000000000000000e+00 1.565726232528686507e-02
9.000000000000000000e+00 7.000000000000000000e+00 6.000000000000000000e+00 1.584373354911804144e-02
9.000000000000000000e+00 7.000000000000000000e+00 7.000000000000000000e+00 1.666789078712463401e-02
9.000000000000000000e+00 7.000000000000000000e+00 8.000000000000000000e+00 1.740245270729064847e-02
9.000000000000000000e+00 7.000000000000000000e+00 9.000000000000000000e+00 2.140526723861694430e-02
9.000000000000000000e+00 7.000000000000000000e+00 1.000000000000000000e+01 2.314354681968688876e-02
9.000000000000000000e+00 8.000000000000000000e+00 3.000000000000000000e+00 1.655448412895202739e-02
9.000000000000000000e+00 8.000000000000000000e+00 4.000000000000000000e+00 1.656269645690917891e-02
9.000000000000000000e+00 8.000000000000000000e+00 5.000000000000000000e+00 1.658086013793945435e-02
9.000000000000000000e+00 8.000000000000000000e+00 6.000000000000000000e+00 1.699107861518859772e-02
9.000000000000000000e+00 8.000000000000000000e+00 7.000000000000000000e+00 1.700054550170898571e-02
9.000000000000000000e+00 8.000000000000000000e+00 8.000000000000000000e+00 1.746551036834716880e-02
9.000000000000000000e+00 8.000000000000000000e+00 9.000000000000000000e+00 1.876736593246459972e-02
9.000000000000000000e+00 8.000000000000000000e+00 1.000000000000000000e+01 2.299502015113830469e-02
9.000000000000000000e+00 9.000000000000000000e+00 3.000000000000000000e+00 1.867988705635070801e-02
9.000000000000000000e+00 9.000000000000000000e+00 4.000000000000000000e+00 1.865691924095153748e-02
9.000000000000000000e+00 9.000000000000000000e+00 5.000000000000000000e+00 1.872394943237304724e-02
9.000000000000000000e+00 9.000000000000000000e+00 6.000000000000000000e+00 1.950125670433044273e-02
9.000000000000000000e+00 9.000000000000000000e+00 7.000000000000000000e+00 1.942714428901672410e-02
9.000000000000000000e+00 9.000000000000000000e+00 8.000000000000000000e+00 2.029273390769958593e-02
9.000000000000000000e+00 9.000000000000000000e+00 9.000000000000000000e+00 2.167902874946594366e-02
9.000000000000000000e+00 9.000000000000000000e+00 1.000000000000000000e+01 2.687677335739135573e-02
9.000000000000000000e+00 1.000000000000000000e+01 3.000000000000000000e+00 2.356056356430053650e-02
9.000000000000000000e+00 1.000000000000000000e+01 4.000000000000000000e+00 2.366317009925842166e-02
9.000000000000000000e+00 1.000000000000000000e+01 5.000000000000000000e+00 2.346500825881957936e-02
9.000000000000000000e+00 1.000000000000000000e+01 6.000000000000000000e+00 2.451770544052124176e-02
9.000000000000000000e+00 1.000000000000000000e+01 7.000000000000000000e+00 2.514603900909423775e-02
9.000000000000000000e+00 1.000000000000000000e+01 8.000000000000000000e+00 2.623810601234435880e-02
9.000000000000000000e+00 1.000000000000000000e+01 9.000000000000000000e+00 2.875334167480468606e-02
9.000000000000000000e+00 1.000000000000000000e+01 1.000000000000000000e+01 3.534230279922485202e-02
1.000000000000000000e+01 3.000000000000000000e+00 3.000000000000000000e+00 2.031614422798156891e-02
1.000000000000000000e+01 3.000000000000000000e+00 4.000000000000000000e+00 2.055534267425537104e-02
1.000000000000000000e+01 3.000000000000000000e+00 5.000000000000000000e+00 1.714518809318542336e-02
1.000000000000000000e+01 3.000000000000000000e+00 6.000000000000000000e+00 1.734952950477600120e-02
1.000000000000000000e+01 3.000000000000000000e+00 7.000000000000000000e+00 1.743344378471374523e-02
1.000000000000000000e+01 3.000000000000000000e+00 8.000000000000000000e+00 1.817151403427124182e-02
1.000000000000000000e+01 3.000000000000000000e+00 9.000000000000000000e+00 2.273557233810424849e-02
1.000000000000000000e+01 3.000000000000000000e+00 1.000000000000000000e+01 2.742387413978576716e-02
1.000000000000000000e+01 4.000000000000000000e+00 3.000000000000000000e+00 2.078511929512023848e-02
1.000000000000000000e+01 4.000000000000000000e+00 4.000000000000000000e+00 2.053946304321288899e-02
1.000000000000000000e+01 4.000000000000000000e+00 5.000000000000000000e+00 2.062804222106933566e-02
1.000000000000000000e+01 4.000000000000000000e+00 6.000000000000000000e+00 1.731599879264831415e-02
1.000000000000000000e+01 4.000000000000000000e+00 7.000000000000000000e+00 1.752584743499755945e-02
1.000000000000000000e+01 4.000000000000000000e+00 8.000000000000000000e+00 2.305159473419189295e-02
1.000000000000000000e+01 4.000000000000000000e+00 9.000000000000000000e+00 2.261407351493835427e-02
1.000000000000000000e+01 4.000000000000000000e+00 1.000000000000000000e+01 2.764982795715332023e-02
1.000000000000000000e+01 5.000000000000000000e+00 3.000000000000000000e+00 2.057121229171753052e-02
1.000000000000000000e+01 5.000000000000000000e+00 4.000000000000000000e+00 2.050032305717468251e-02
1.000000000000000000e+01 5.000000000000000000e+00 5.000000000000000000e+00 2.057874536514282121e-02
1.000000000000000000e+01 5.000000000000000000e+00 6.000000000000000000e+00 2.065249824523925776e-02
1.000000000000000000e+01 5.000000000000000000e+00 7.000000000000000000e+00 1.765915775299072357e-02
1.000000000000000000e+01 5.000000000000000000e+00 8.000000000000000000e+00 1.816100740432739086e-02
1.000000000000000000e+01 5.000000000000000000e+00 9.000000000000000000e+00 1.909037685394287046e-02
1.000000000000000000e+01 5.000000000000000000e+00 1.000000000000000000e+01 2.259812450408935428e-02
1.000000000000000000e+01 6.000000000000000000e+00 3.000000000000000000e+00 1.823298215866088826e-02
1.000000000000000000e+01 6.000000000000000000e+00 4.000000000000000000e+00 2.236867618560791152e-02
1.000000000000000000e+01 6.000000000000000000e+00 5.000000000000000000e+00 2.247204780578613420e-02
1.000000000000000000e+01 6.000000000000000000e+00 6.000000000000000000e+00 2.275014662742614810e-02
1.000000000000000000e+01 6.000000000000000000e+00 7.000000000000000000e+00 2.381302356719970648e-02
1.000000000000000000e+01 6.000000000000000000e+00 8.000000000000000000e+00 1.900812673568725436e-02
1.000000000000000000e+01 6.000000000000000000e+00 9.000000000000000000e+00 2.006846690177917572e-02
1.000000000000000000e+01 6.000000000000000000e+00 1.000000000000000000e+01 2.508378911018371502e-02
1.000000000000000000e+01 7.000000000000000000e+00 3.000000000000000000e+00 1.859654998779296936e-02
1.000000000000000000e+01 7.000000000000000000e+00 4.000000000000000000e+00 1.888364624977111744e-02
1.000000000000000000e+01 7.000000000000000000e+00 5.000000000000000000e+00 2.346583819389343184e-02
1.000000000000000000e+01 7.000000000000000000e+00 6.000000000000000000e+00 2.423747968673705885e-02
1.000000000000000000e+01 7.000000000000000000e+00 7.000000000000000000e+00 2.447131800651550226e-02
1.000000000000000000e+01 7.000000000000000000e+00 8.000000000000000000e+00 2.527837634086609053e-02
1.000000000000000000e+01 7.000000000000000000e+00 9.000000000000000000e+00 2.078836226463317768e-02
1.000000000000000000e+01 7.000000000000000000e+00 1.000000000000000000e+01 2.588407993316650321e-02
1.000000000000000000e+01 8.000000000000000000e+00 3.000000000000000000e+00 1.987702322006225722e-02
1.000000000000000000e+01 8.000000000000000000e+00 4.000000000000000000e+00 1.989177036285400338e-02
1.000000000000000000e+01 8.000000000000000000e+00 5.000000000000000000e+00 1.988931846618652299e-02
1.000000000000000000e+01 8.000000000000000000e+00 6.000000000000000000e+00 2.536414003372192486e-02
1.000000000000000000e+01 8.000000000000000000e+00 7.000000000000000000e+00 2.565044975280761710e-02
1.000000000000000000e+01 8.000000000000000000e+00 8.000000000000000000e+00 2.580295205116272042e-02
1.000000000000000000e+01 8.000000000000000000e+00 9.000000000000000000e+00 2.732671618461608720e-02
1.000000000000000000e+01 8.000000000000000000e+00 1.000000000000000000e+01 2.587298774719238442e-02
1.000000000000000000e+01 9.000000000000000000e+00 3.000000000000000000e+00 2.228293848037719849e-02
1.000000000000000000e+01 9.000000000000000000e+00 4.000000000000000000e+00 2.220858907699584800e-02
1.000000000000000000e+01 9.000000000000000000e+00 5.000000000000000000e+00 2.238993191719055101e-02
1.000000000000000000e+01 9.000000000000000000e+00 6.000000000000000000e+00 2.291562533378601121e-02
1.000000000000000000e+01 9.000000000000000000e+00 7.000000000000000000e+00 2.748273468017578200e-02
1.000000000000000000e+01 9.000000000000000000e+00 8.000000000000000000e+00 2.828795790672302204e-02
1.000000000000000000e+01 9.000000000000000000e+00 9.000000000000000000e+00 3.407212591171264460e-02
1.000000000000000000e+01 9.000000000000000000e+00 1.000000000000000000e+01 3.859432578086852833e-02
1.000000000000000000e+01 1.000000000000000000e+01 3.000000000000000000e+00 3.036463475227356087e-02
1.000000000000000000e+01 1.000000000000000000e+01 4.000000000000000000e+00 3.323625969886780107e-02
1.000000000000000000e+01 1.000000000000000000e+01 5.000000000000000000e+00 3.325946450233459306e-02
1.000000000000000000e+01 1.000000000000000000e+01 6.000000000000000000e+00 3.490291404724121110e-02
1.000000000000000000e+01 1.000000000000000000e+01 7.000000000000000000e+00 3.600398874282836892e-02
1.000000000000000000e+01 1.000000000000000000e+01 8.000000000000000000e+00 3.733627057075500355e-02
1.000000000000000000e+01 1.000000000000000000e+01 9.000000000000000000e+00 4.526471066474914429e-02
1.000000000000000000e+01 1.000000000000000000e+01 1.000000000000000000e+01 4.734910607337951965e-02
