3.000000000000000000e+00 3.000000000000000000e+00 3.000000000000000000e+00 9.344989061355590473e-03
3.000000000000000000e+00 3.000000000000000000e+00 4.000000000000000000e+00 9.397046327590943132e-03
3.000000000000000000e+00 3.000000000000000000e+00 5.000000000000000000e+00 9.449600934982300623e-03
3.000000000000000000e+00 3.000000000000000000e+00 6.000000000000000000e+00 9.603812694549559992e-03
3.000000000000000000e+00 3.000000000000000000e+00 7.000000000000000000e+00 9.882026910781860005e-03
3.000000000000000000e+00 3.000000000000000000e+00 8.000000000000000000e+00 1.024105119705200247e-02
3.000000000000000000e+00 3.000000000000000000e+00 9.000000000000000000e+00 1.338901400566101102e-02
3.000000000000000000e+00 3.000000000000000000e+00 1.000000000000000000e+01 1.180895805358886733e-02
3.000000000000000000e+00 4.000000000000000000e+00 3.000000000000000000e+00 9.517535448074340362e-03
3.000000000000000000e+00 4.000000000000000000e+00 4.000000000000000000e+00 9.325239419937134469e-03
3.000000000000000000e+00 4.000000000000000000e+00 5.000000000000000000e+00 9.459666728973388852e-03
3.000000000000000000e+00 4.000000000000000000e+00 6.000000000000000000e+00 9.606960535049438241e-03
3.000000000000000000e+00 4.000000000000000000e+00 7.000000000000000000e+00 9.766563892364502411e-03
3.000000000000000000e+00 4.000000000000000000e+00 8.000000000000000000e+00 1.033172011375427246e-02
3.000000000000000000e+00 4.000000000000000000e+00 9.000000000000000000e+00 1.347349977493286083e-02
3.000000000000000000e+00 4.000000000000000000e+00 1.000000000000000000e+01 1.202250337600707999e-02
3.000000000000000000e+00 5.000000000000000000e+00 3.000000000000000000e+00 9.421962022781371279e-03
3.000000000000000000e+00 5.000000000000000000e+00 4.000000000000000000e+00 9.413756370544434232e-03
3.000000000000000000e+00 5.000000000000000000e+00 5.000000000000000000e+00 9.565838575363160012e-03
3.000000000000000000e+00 5.000000000000000000e+00 6.000000000000000000e+00 9.689671516418457003e-03
3.000000000000000000e+00 5.000000000000000000e+00 7.000000000000000000e+00 9.911396980285643726e-03
3.000000000000000000e+00 5.000000000000000000e+00 8.000000000000000000e+00 1.033024048805236857e-02
3.000000000000000000e+00 5.000000000000000000e+00 9.000000000000000000e+00 1.347534155845642005e-02
3.000000000000000000e+00 5.000000000000000000e+00 1.000000000000000000e+01 1.200109744071960367e-02
3.000000000000000000e+00 6.000000000000000000e+00 3.000000000000000000e+00 9.679357528686522924e-03
3.000000000000000000e+00 6.000000000000000000e+00 4.000000000000000000e+00 9.493377685546875236e-03
3.000000000000000000e+00 6.000000000000000000e+00 5.000000000000000000e+00 9.663362026214599929e-03
3.000000000000000000e+00 6.000000000000000000e+00 6.000000000000000000e+00 9.838882207870483163e-03
3.000000000000000000e+00 6.000000000000000000e+00 7.000000000000000000e+00 9.972107172012328880e-03
3.000000000000000000e+00 6.000000000000000000e+00 8.000000000000000000e+00 1.058115315437316815e-02
3.000000000000000000e+00 6.000000000000000000e+00 9.000000000000000000e+00 1.345728564262390139e-02
3.000000000000000000e+00 6.000000000000000000e+00 1.000000000000000000e+01 1.304903578758239736e-02
3.000000000000000000e+00 7.000000000000000000e+00 3.000000000000000000e+00 9.726428985595702778e-03
3.000000000000000000e+00 7.000000000000000000e+00 4.000000000000000000e+00 9.767868757247924819e-03
3.000000000000000000e+00 7.000000000000000000e+00 5.000000000000000000e+00 9.853644847869873213e-03
3.000000000000000000e+00 7.000000000000000000e+00 6.000000000000000000e+00 1.009846520423889234e-02
3.000000000000000000e+00 7.000000000000000000e+00 7.000000000000000000e+00 1.020673823356628429e-02
3.000000000000000000e+00 7.000000000000000000e+00 8.000000000000000000e+00 1.063874101638793979e-02
3.000000000000000000e+00 7.000000000000000000e+00 9.000000000000000000e+00 1.227277827262878394e-02
3.000000000000000000e+00 7.000000000000000000e+00 1.000000000000000000e+01 1.298181724548339890e-02
3.000000000000000000e+00 8.000000000000000000e+00 3.000000000000000000e+00 1.029160308837890649e-02
3.000000000000000000e+00 8.000000000000000000e+00 4.000000000000000000e+00 1.023179888725280796e-02
3.000000000000000000e+00 8.000000000000000000e+00 5.000000000000000000e+00 1.034304523468017496e-02
3.000000000000000000e+00 8.000000000000000000e+00 6.000000000000000000e+00 1.048714447021484308e-02
3.000000000000000000e+00 8.000000000000000000e+00 7.000000000000000000e+00 1.076553773880004929e-02
3.000000000000000000e+00 8.000000000000000000e+00 8.000000000000000000e+00 1.290900540351867624e-02
3.000000000000000000e+00 8.000000000000000000e+00 9.000000000000000000e+00 1.384308910369873129e-02
3.000000000000000000e+00 8.000000000000000000e+00 1.000000000000000000e+01 1.862386465072631697e-02
3.000000000000000000e+00 9.000000000000000000e+00 3.000000000000000000e+00 1.311645030975341734e-02
3.000000000000000000e+00 9.000000000000000000e+00 4.000000000000000000e+00 1.329583382606506353e-02
3.000000000000000000e+00 9.000000000000000000e+00 5.000000000000000000e+00 1.333366918563842762e-02
3.000000000000000000e+00 9.000000000000000000e+00 6.000000000000000000e+00 1.393218612670898450e-02
3.000000000000000000e+00 9.000000000000000000e+00 7.000000000000000000e+00 1.427577233314514076e-02
3.000000000000000000e+00 9.000000000000000000e+00 8.000000000000000000e+00 1.519618201255798322e-02
3.000000000000000000e+00 9.000000000000000000e+00 9.000000000000000000e+00 1.534923648834228549e-02
3.000000000000000000e+00 9.000000000000000000e+00 1.000000000000000000e+01 2.040984058380126975e-02
3.000000000000000000e+00 1.000000000000000000e+01 3.000000000000000000e+00 1.199472904205322286e-02
3.000000000000000000e+00 1.000000000000000000e+01 4.000000000000000000e+00 1.192321777343749965e-02
3.000000000000000000e+00 1.000000000000000000e+01 5.000000000000000000e+00 1.264393234252929668e-02
3.000000000000000000e+00 1.000000000000000000e+01 6.000000000000000000e+00 1.506241941452026410e-02
3.000000000000000000e+00 1.000000000000000000e+01 7.000000000000000000e+00 1.615461754798888996e-02
3.000000000000000000e+00 1.000000000000000000e+01 8.000000000000000000e+00 1.710643458366394032e-02
3.000000000000000000e+00 1.000000000000000000e+01 9.000000000000000000e+00 2.034233880043029644e-02
3.000000000000000000e+00 1.000000000000000000e+01 1.000000000000000000e+01 2.634061145782470859e-02
4.000000000000000000e+00 3.000000000000000000e+00 3.000000000000000000e+00 9.289214849472045288e-03
4.000000000000000000e+00 3.000000000000000000e+00 4.000000000000000000e+00 9.338685750961302906e-03
4.000000000000000000e+00 3.000000000000000000e+00 5.000000000000000000e+00 9.379676818847656333e-03
4.000000000000000000e+00 3.000000000000000000e+00 6.000000000000000000e+00 9.575364589691161624e-03
4.000000000000000000e+00 3.000000000000000000e+00 7.000000000000000000e+00 9.733586549758910939e-03
4.000000000000000000e+00 3.000000000000000000e+00 8.000000000000000000e+00 1.034245610237121554e-02
4.000000000000000000e+00 3.000000000000000000e+00 9.000000000000000000e+00 1.328868961334228431e-02
4.000000000000000000e+00 3.000000000000000000e+00 1.000000000000000000e+01 1.197940278053283639e-02
4.000000000000000000e+00 4.000000000000000000e+00 3.000000000000000000e+00 9.238296747207641255e-03
4.000000000000000000e+00 4.000000000000000000e+00 4.000000000000000000e+00 9.200562477111816004e-03
4.000000000000000000e+00 4.000000000000000000e+00 5.000000000000000000e+00 9.293109893798827403e-03
4.000000000000000000e+00 4.000000000000000000e+00 6.000000000000000000e+00 9.564363002777099068e-03
4.000000000000000000e+00 4.000000000000000000e+00 7.000000000000000000e+00 9.755762577056884335e-03
4.000000000000000000e+00 4.000000000000000000e+00 8.000000000000000000e+00 1.019284200668334889e-02
4.000000000000000000e+00 4.000000000000000000e+00 9.000000000000000000e+00 1.320885586738586477e-02
4.000000000000000000e+00 4.000000000000000000e+00 1.000000000000000000e+01 1.201267600059509333e-02
4.000000000000000000e+00 5.000000000000000000e+00 3.000000000000000000e+00 9.311343431472779084e-03
4.000000000000000000e+00 5.000000000000000000e+00 4.000000000000000000e+00 9.351176738739013644e-03
4.000000000000000000e+00 5.000000000000000000e+00 5.000000000000000000e+00 9.302380084991455564e-03
4.000000000000000000e+00 5.000000000000000000e+00 6.000000000000000000e+00 9.522057771682738980e-03
4.000000000000000000e+00 5.000000000000000000e+00 7.000000000000000000e+00 9.711962938308716514e-03
4.000000000000000000e+00 5.000000000000000000e+00 8.000000000000000000e+00 1.021135258674621578e-02
4.000000000000000000e+00 5.000000000000000000e+00 9.000000000000000000e+00 1.330429124832153281e-02
4.000000000000000000e+00 5.000000000000000000e+00 1.000000000000000000e+01 1.220314168930053747e-02
4.000000000000000000e+00 6.000000000000000000e+00 3.000000000000000000e+00 9.563820838928222684e-03
4.000000000000000000e+00 6.000000000000000000e+00 4.000000000000000000e+00 9.465047121047974465e-03
4.000000000000000000e+00 6.000000000000000000e+00 5.000000000000000000e+00 9.531267881393433450e-03
4.000000000000000000e+00 6.000000000000000000e+00 6.000000000000000000e+00 9.697552680969237504e-03
4.000000000000000000e+00 6.000000000000000000e+00 7.000000000000000000e+00 9.869900226593017814e-03
4.000000000000000000e+00 6.000000000000000000e+00 8.000000000000000000e+00 1.164224147796630825e-02
4.000000000000000000e+00 6.000000000000000000e+00 9.000000000000000000e+00 1.097475147247314528e-02
4.000000000000000000e+00 6.000000000000000000e+00 1.000000000000000000e+01 1.308362317085266097e-02
4.000000000000000000e+00 7.000000000000000000e+00 3.000000000000000000e+00 9.945277929306030329e-03
4.000000000000000000e+00 7.000000000000000000e+00 4.000000000000000000e+00 9.969584226608275632e-03
4.000000000000000000e+00 7.000000000000000000e+00 5.000000000000000000e+00 9.931870460510253823e-03
4.000000000000000000e+00 7.000000000000000000e+00 6.000000000000000000e+00 1.014949226379394456e-02
4.000000000000000000e+00 7.000000000000000000e+00 7.000000000000000000e+00 1.034349393844604531e-02
4.000000000000000000e+00 7.000000000000000000e+00 8.000000000000000000e+00 1.080152153968810987e-02
4.000000000000000000e+00 7.000000000000000000e+00 9.000000000000000000e+00 1.254338216781616250e-02
4.000000000000000000e+00 7.000000000000000000e+00 1.000000000000000000e+01 1.371597218513488821e-02
4.000000000000000000e+00 8.000000000000000000e+00 3.000000000000000000e+00 9.580048084259032773e-03
4.000000000000000000e+00 8.000000000000000000e+00 4.000000000000000000e+00 9.536936998367310028e-03
4.000000000000000000e+00 8.000000000000000000e+00 5.000000000000000000e+00 9.615746259689330472e-03
4.000000000000000000e+00 8.000000000000000000e+00 6.000000000000000000e+00 9.963068962097167830e-03
4.000000000000000000e+00 8.000000000000000000e+00 7.000000000000000000e+00 1.025207710266113313e-02
4.000000000000000000e+00 8.000000000000000000e+00 8.000000000000000000e+00 1.290681791305542045e-02
4.000000000000000000e+00 8.000000000000000000e+00 9.000000000000000000e+00 1.416694021224975536e-02
4.000000000000000000e+00 8.000000000000000000e+00 1.000000000000000000e+01 1.861566472053527779e-02
4.000000000000000000e+00 9.000000000000000000e+00 3.000000000000000000e+00 1.314984822273254465e-02
4.000000000000000000e+00 9.000000000000000000e+00 4.000000000000000000e+00 1.305160880088806173e-02
4.000000000000000000e+00 9.000000000000000000e+00 5.000000000000000000e+00 1.331572985649108823e-02
4.000000000000000000e+00 9.000000000000000000e+00 6.000000000000000000e+00 1.390055108070373593e-02
4.000000000000000000e+00 9.000000000000000000e+00 7.000000000000000000e+00 1.419666862487792974e-02
4.000000000000000000e+00 9.000000000000000000e+00 8.000000000000000000e+00 1.510786199569702157e-02
4.000000000000000000e+00 9.000000000000000000e+00 9.000000000000000000e+00 1.540216064453124936e-02
4.000000000000000000e+00 9.000000000000000000e+00 1.000000000000000000e+01 2.038970851898193326e-02
4.000000000000000000e+00 1.000000000000000000e+01 3.000000000000000000e+00 1.204243016242980899e-02
4.000000000000000000e+00 1.000000000000000000e+01 4.000000000000000000e+00 1.207273817062377852e-02
4.000000000000000000e+00 1.000000000000000000e+01 5.000000000000000000e+00 1.248654985427856412e-02
4.000000000000000000e+00 1.000000000000000000e+01 6.000000000000000000e+00 1.492883801460266092e-02
4.000000000000000000e+00 1.000000000000000000e+01 7.000000000000000000e+00 1.691078639030456701e-02
4.000000000000000000e+00 1.000000000000000000e+01 8.000000000000000000e+00 1.716289591789245741e-02
4.000000000000000000e+00 1.000000000000000000e+01 9.000000000000000000e+00 2.019904017448425140e-02
4.000000000000000000e+00 1.000000000000000000e+01 1.000000000000000000e+01 2.626476311683654738e-02
5.000000000000000000e+00 3.000000000000000000e+00 3.000000000000000000e+00 9.602439403533936241e-03
5.000000000000000000e+00 3.000000000000000000e+00 4.000000000000000000e+00 9.472256660461425212e-03
5.000000000000000000e+00 3.000000000000000000e+00 5.000000000000000000e+00 9.817638874053954273e-03
5.000000000000000000e+00 3.000000000000000000e+00 6.000000000000000000e+00 9.878041505813598203e-03
5.000000000000000000e+00 3.000000000000000000e+00 7.000000000000000000e+00 1.022446012496948213e-02
5.000000000000000000e+00 3.000000000000000000e+00 8.000000000000000000e+00 1.081461453437805240e-02
5.000000000000000000e+00 3.000000000000000000e+00 9.000000000000000000e+00 1.367914295196533125e-02
5.000000000000000000e+00 3.000000000000000000e+00 1.000000000000000000e+01 1.238293576240539519e-02
5.000000000000000000e+00 4.000000000000000000e+00 3.000000000000000000e+00 9.550982475280762191e-03
5.000000000000000000e+00 4.000000000000000000e+00 4.000000000000000000e+00 9.514555931091309149e-03
5.000000000000000000e+00 4.000000000000000000e+00 5.000000000000000000e+00 9.547292470932007558e-03
5.000000000000000000e+00 4.000000000000000000e+00 6.000000000000000000e+00 9.883422374725342116e-03
5.000000000000000000e+00 4.000000000000000000e+00 7.000000000000000000e+00 1.013549041748046907e-02
5.000000000000000000e+00 4.000000000000000000e+00 8.000000000000000000e+00 1.054672741889953538e-02
5.000000000000000000e+00 4.000000000000000000e+00 9.000000000000000000e+00 1.094771957397460901e-02
5.000000000000000000e+00 4.000000000000000000e+00 1.000000000000000000e+01 1.236222577095031673e-02
5.000000000000000000e+00 5.000000000000000000e+00 3.000000000000000000e+00 9.713436365127564240e-03
5.000000000000000000e+00 5.000000000000000000e+00 4.000000000000000000e+00 9.699620485305785952e-03
5.000000000000000000e+00 5.000000000000000000e+00 5.000000000000000000e+00 9.788413524627686060e-03
5.000000000000000000e+00 5.000000000000000000e+00 6.000000000000000000e+00 9.921963453292846624e-03
5.000000000000000000e+00 5.000000000000000000e+00 7.000000000000000000e+00 1.017290973663330031e-02
5.000000000000000000e+00 5.000000000000000000e+00 8.000000000000000000e+00 1.080350732803344802e-02
5.000000000000000000e+00 5.000000000000000000e+00 9.000000000000000000e+00 1.115340614318847609e-02
5.000000000000000000e+00 5.000000000000000000e+00 1.000000000000000000e+01 1.227829933166503865e-02
5.000000000000000000e+00 6.000000000000000000e+00 3.000000000000000000e+00 9.883785963058472346e-03
5.000000000000000000e+00 6.000000000000000000e+00 4.000000000000000000e+00 9.749871969223023252e-03
5.000000000000000000e+00 6.000000000000000000e+00 5.000000000000000000e+00 9.838422536849975378e-03
5.000000000000000000e+00 6.000000000000000000e+00 6.000000000000000000e+00 9.966018438339233065e-03
5.000000000000000000e+00 6.000000000000000000e+00 7.000000000000000000e+00 1.025154185295104950e-02
5.000000000000000000e+00 6.000000000000000000e+00 8.000000000000000000e+00 1.204858446121215808e-02
5.000000000000000000e+00 6.000000000000000000e+00 9.000000000000000000e+00 1.141446018218994149e-02
5.000000000000000000e+00 6.000000000000000000e+00 1.000000000000000000e+01 1.346702051162719689e-02
5.000000000000000000e+00 7.000000000000000000e+00 3.000000000000000000e+00 8.146933078765869127e-03
5.000000000000000000e+00 7.000000000000000000e+00 4.000000000000000000e+00 8.075268983840942771e-03
5.000000000000000000e+00 7.000000000000000000e+00 5.000000000000000000e+00 8.039679050445556682e-03
5.000000000000000000e+00 7.000000000000000000e+00 6.000000000000000000e+00 8.094807386398315124e-03
5.000000000000000000e+00 7.000000000000000000e+00 7.000000000000000000e+00 1.085033679008483819e-02
5.000000000000000000e+00 7.000000000000000000e+00 8.000000000000000000e+00 1.131510448455810489e-02
5.000000000000000000e+00 7.000000000000000000e+00 9.000000000000000000e+00 1.277999877929687431e-02
5.000000000000000000e+00 7.000000000000000000e+00 1.000000000000000000e+01 1.428547048568725580e-02
5.000000000000000000e+00 8.000000000000000000e+00 3.000000000000000000e+00 8.745209455490112957e-03
5.000000000000000000e+00 8.000000000000000000e+00 4.000000000000000000e+00 8.671655893325806025e-03
5.000000000000000000e+00 8.000000000000000000e+00 5.000000000000000000e+00 8.654073715209960674e-03
5.000000000000000000e+00 8.000000000000000000e+00 6.000000000000000000e+00 8.911887168884276636e-03
5.000000000000000000e+00 8.000000000000000000e+00 7.000000000000000000e+00 9.072300434112548148e-03
5.000000000000000000e+00 8.000000000000000000e+00 8.000000000000000000e+00 1.286150312423705970e-02
5.000000000000000000e+00 8.000000000000000000e+00 9.000000000000000000e+00 1.199452710151672347e-02
5.000000000000000000e+00 8.000000000000000000e+00 1.000000000000000000e+01 1.709409213066101149e-02
5.000000000000000000e+00 9.000000000000000000e+00 3.000000000000000000e+00 1.051675605773925819e-02
5.000000000000000000e+00 9.000000000000000000e+00 4.000000000000000000e+00 1.045979714393615798e-02
5.000000000000000000e+00 9.000000000000000000e+00 5.000000000000000000e+00 1.054015111923217729e-02
5.000000000000000000e+00 9.000000000000000000e+00 6.000000000000000000e+00 1.113926124572753827e-02
5.000000000000000000e+00 9.000000000000000000e+00 7.000000000000000000e+00 1.129754590988159106e-02
5.000000000000000000e+00 9.000000000000000000e+00 8.000000000000000000e+00 1.272656178474426344e-02
5.000000000000000000e+00 9.000000000000000000e+00 9.000000000000000000e+00 1.574738144874572587e-02
5.000000000000000000e+00 9.000000000000000000e+00 1.000000000000000000e+01 2.060653042793273923e-02
5.000000000000000000e+00 1.000000000000000000e+01 3.000000000000000000e+00 1.213977694511413595e-02
5.000000000000000000e+00 1.000000000000000000e+01 4.000000000000000000e+00 1.216560482978820863e-02
5.000000000000000000e+00 1.000000000000000000e+01 5.000000000000000000e+00 1.213042640686035241e-02
5.000000000000000000e+00 1.000000000000000000e+01 6.000000000000000000e+00 1.445491409301757728e-02
5.000000000000000000e+00 1.000000000000000000e+01 7.000000000000000000e+00 1.621599102020263722e-02
5.000000000000000000e+00 1.000000000000000000e+01 8.000000000000000000e+00 1.777253031730651953e-02
5.000000000000000000e+00 1.000000000000000000e+01 9.000000000000000000e+00 2.066243839263915902e-02
5.000000000000000000e+00 1.000000000000000000e+01 1.000000000000000000e+01 2.675406312942504861e-02
6.000000000000000000e+00 3.000000000000000000e+00 3.000000000000000000e+00 1.024350380897521944e-02
6.000000000000000000e+00 3.000000000000000000e+00 4.000000000000000000e+00 1.109169292449951189e-02
6.000000000000000000e+00 3.000000000000000000e+00 5.000000000000000000e+00 1.127612781524658242e-02
6.000000000000000000e+00 3.000000000000000000e+00 6.000000000000000000e+00 1.142908096313476583e-02
6.000000000000000000e+00 3.000000000000000000e+00 7.000000000000000000e+00 1.143951892852783196e-02
6.000000000000000000e+00 3.000000000000000000e+00 8.000000000000000000e+00 1.189540910720825184e-02
6.000000000000000000e+00 3.000000000000000000e+00 9.000000000000000000e+00 1.416885137557983426e-02
6.000000000000000000e+00 3.000000000000000000e+00 1.000000000000000000e+01 1.407640314102172850e-02
6.000000000000000000e+00 4.000000000000000000e+00 3.000000000000000000e+00 1.115031266212463366e-02
6.000000000000000000e+00 4.000000000000000000e+00 4.000000000000000000e+00 1.104058718681335399e-02
6.000000000000000000e+00 4.000000000000000000e+00 5.000000000000000000e+00 1.114237332344055094e-02
6.000000000000000000e+00 4.000000000000000000e+00 6.000000000000000000e+00 1.137547254562377985e-02
6.000000000000000000e+00 4.000000000000000000e+00 7.000000000000000000e+00 1.136452126502990670e-02
6.000000000000000000e+00 4.000000000000000000e+00 8.000000000000000000e+00 1.187004804611205971e-02
6.000000000000000000e+00 4.000000000000000000e+00 9.000000000000000000e+00 1.415849924087524483e-02
6.000000000000000000e+00 4.000000000000000000e+00 1.000000000000000000e+01 1.373871779441833418e-02
6.000000000000000000e+00 5.000000000000000000e+00 3.000000000000000000e+00 1.126907062530517652e-02
6.000000000000000000e+00 5.000000000000000000e+00 4.000000000000000000e+00 1.103583455085754318e-02
6.000000000000000000e+00 5.000000000000000000e+00 5.000000000000000000e+00 1.117125368118286090e-02
6.000000000000000000e+00 5.000000000000000000e+00 6.000000000000000000e+00 1.132715463638305636e-02
6.000000000000000000e+00 5.000000000000000000e+00 7.000000000000000000e+00 1.143608379364013591e-02
6.000000000000000000e+00 5.000000000000000000e+00 8.000000000000000000e+00 1.185734724998474196e-02
6.000000000000000000e+00 5.000000000000000000e+00 9.000000000000000000e+00 1.420890712738037166e-02
6.000000000000000000e+00 5.000000000000000000e+00 1.000000000000000000e+01 1.413481903076171942e-02
6.000000000000000000e+00 6.000000000000000000e+00 3.000000000000000000e+00 1.138384675979614222e-02
6.000000000000000000e+00 6.000000000000000000e+00 4.000000000000000000e+00 1.125013899803161549e-02
6.000000000000000000e+00 6.000000000000000000e+00 5.000000000000000000e+00 1.120419073104858380e-02
6.000000000000000000e+00 6.000000000000000000e+00 6.000000000000000000e+00 1.138471603393554667e-02
6.000000000000000000e+00 6.000000000000000000e+00 7.000000000000000000e+00 1.148629951477050763e-02
6.000000000000000000e+00 6.000000000000000000e+00 8.000000000000000000e+00 1.254666495323181197e-02
6.000000000000000000e+00 6.000000000000000000e+00 9.000000000000000000e+00 1.292042398452758825e-02
6.000000000000000000e+00 6.000000000000000000e+00 1.000000000000000000e+01 1.541101908683776937e-02
6.000000000000000000e+00 7.000000000000000000e+00 3.000000000000000000e+00 1.145500135421752969e-02
6.000000000000000000e+00 7.000000000000000000e+00 4.000000000000000000e+00 1.143133926391601621e-02
6.000000000000000000e+00 7.000000000000000000e+00 5.000000000000000000e+00 1.146068811416625990e-02
6.000000000000000000e+00 7.000000000000000000e+00 6.000000000000000000e+00 1.165131592750549318e-02
6.000000000000000000e+00 7.000000000000000000e+00 7.000000000000000000e+00 1.179347777366638109e-02
6.000000000000000000e+00 7.000000000000000000e+00 8.000000000000000000e+00 1.223772120475768999e-02
6.000000000000000000e+00 7.000000000000000000e+00 9.000000000000000000e+00 1.356595873832702574e-02
6.000000000000000000e+00 7.000000000000000000e+00 1.000000000000000000e+01 1.627830028533935533e-02
6.000000000000000000e+00 8.000000000000000000e+00 3.000000000000000000e+00 1.098862338066101084e-02
6.000000000000000000e+00 8.000000000000000000e+00 4.000000000000000000e+00 1.105297279357910119e-02
6.000000000000000000e+00 8.000000000000000000e+00 5.000000000000000000e+00 1.134508371353149490e-02
6.000000000000000000e+00 8.000000000000000000e+00 6.000000000000000000e+00 1.111468720436096201e-02
6.000000000000000000e+00 8.000000000000000000e+00 7.000000000000000000e+00 1.139595293998718270e-02
6.000000000000000000e+00 8.000000000000000000e+00 8.000000000000000000e+00 1.214793992042541466e-02
6.000000000000000000e+00 8.000000000000000000e+00 9.000000000000000000e+00 1.378166961669921933e-02
6.000000000000000000e+00 8.000000000000000000e+00 1.000000000000000000e+01 1.933946776390075770e-02
6.000000000000000000e+00 9.000000000000000000e+00 3.000000000000000000e+00 1.254500102996826232e-02
6.000000000000000000e+00 9.000000000000000000e+00 4.000000000000000000e+00 1.256612253189086890e-02
6.000000000000000000e+00 9.000000000000000000e+00 5.000000000000000000e+00 1.239360404014587351e-02
6.000000000000000000e+00 9.000000000000000000e+00 6.000000000000000000e+00 1.291089248657226532e-02
6.000000000000000000e+00 9.000000000000000000e+00 7.000000000000000000e+00 1.337646961212158279e-02
6.000000000000000000e+00 9.000000000000000000e+00 8.000000000000000000e+00 1.436115670204162614e-02
6.000000000000000000e+00 9.000000000000000000e+00 9.000000000000000000e+00 1.746621298789978113e-02
6.000000000000000000e+00 9.000000000000000000e+00 1.000000000000000000e+01 2.245117044448852531e-02
6.000000000000000000e+00 1.000000000000000000e+01 3.000000000000000000e+00 1.963000011444091669e-02
6.000000000000000000e+00 1.000000000000000000e+01 4.000000000000000000e+00 1.962366580963134655e-02
6.000000000000000000e+00 1.000000000000000000e+01 5.000000000000000000e+00 1.971865129470825109e-02
6.000000000000000000e+00 1.000000000000000000e+01 6.000000000000000000e+00 2.064912366867065543e-02
6.000000000000000000e+00 1.000000000000000000e+01 7.000000000000000000e+00 2.109979343414306735e-02
6.000000000000000000e+00 1.000000000000000000e+01 8.000000000000000000e+00 2.281245589256286621e-02
6.000000000000000000e+00 1.000000000000000000e+01 9.000000000000000000e+00 2.294070744514465493e-02
6.000000000000000000e+00 1.000000000000000000e+01 1.000000000000000000e+01 2.859214305877685533e-02
7.000000000000000000e+00 3.000000000000000000e+00 3.000000000000000000e+00 1.084097981452941846e-02
7.000000000000000000e+00 3.000000000000000000e+00 4.000000000000000000e+00 1.069024968147277814e-02
7.000000000000000000e+00 3.000000000000000000e+00 5.000000000000000000e+00 1.068525481224060110e-02
7.000000000000000000e+00 3.000000000000000000e+00 6.000000000000000000e+00 1.087623810768127523e-02
7.000000000000000000e+00 3.000000000000000000e+00 7.000000000000000000e+00 1.294612073898315438e-02
7.000000000000000000e+00 3.000000000000000000e+00 8.000000000000000000e+00 1.337913632392883322e-02
7.000000000000000000e+00 3.000000000000000000e+00 9.000000000000000000e+00 1.551419782638549863e-02
7.000000000000000000e+00 3.000000000000000000e+00 1.000000000000000000e+01 1.479378271102905346e-02
7.000000000000000000e+00 4.000000000000000000e+00 3.000000000000000000e+00 1.249101471900939883e-02
7.000000000000000000e+00 4.000000000000000000e+00 4.000000000000000000e+00 1.254169940948486259e-02
7.000000000000000000e+00 4.000000000000000000e+00 5.000000000000000000e+00 1.250701427459716825e-02
7.000000000000000000e+00 4.000000000000000000e+00 6.000000000000000000e+00 1.265553164482116633e-02
7.000000000000000000e+00 4.000000000000000000e+00 7.000000000000000000e+00 1.280988049507141187e-02
7.000000000000000000e+00 4.000000000000000000e+00 8.000000000000000000e+00 1.346032714843749950e-02
7.000000000000000000e+00 4.000000000000000000e+00 9.000000000000000000e+00 1.544621491432189922e-02
7.000000000000000000e+00 4.000000000000000000e+00 1.000000000000000000e+01 1.481049823760986414e-02
7.000000000000000000e+00 5.000000000000000000e+00 3.000000000000000000e+00 1.256178307533264114e-02
7.000000000000000000e+00 5.000000000000000000e+00 4.000000000000000000e+00 1.256542515754699788e-02
7.000000000000000000e+00 5.000000000000000000e+00 5.000000000000000000e+00 1.248971009254455644e-02
7.000000000000000000e+00 5.000000000000000000e+00 6.000000000000000000e+00 1.274289393424987878e-02
7.000000000000000000e+00 5.000000000000000000e+00 7.000000000000000000e+00 1.292856907844543504e-02
7.000000000000000000e+00 5.000000000000000000e+00 8.000000000000000000e+00 1.350418281555175806e-02
7.000000000000000000e+00 5.000000000000000000e+00 9.000000000000000000e+00 1.549416184425353969e-02
7.000000000000000000e+00 5.000000000000000000e+00 1.000000000000000000e+01 1.478104376792907688e-02
7.000000000000000000e+00 6.000000000000000000e+00 3.000000000000000000e+00 1.278093552589416523e-02
7.000000000000000000e+00 6.000000000000000000e+00 4.000000000000000000e+00 1.275876331329345650e-02
7.000000000000000000e+00 6.000000000000000000e+00 5.000000000000000000e+00 1.274999094009399495e-02
7.000000000000000000e+00 6.000000000000000000e+00 6.000000000000000000e+00 1.282953691482544012e-02
7.000000000000000000e+00 6.000000000000000000e+00 7.000000000000000000e+00 1.299703764915466353e-02
7.000000000000000000e+00 6.000000000000000000e+00 8.000000000000000000e+00 1.367083883285522515e-02
7.000000000000000000e+00 6.000000000000000000e+00 9.000000000000000000e+00 1.318156719207763672e-02
7.000000000000000000e+00 6.000000000000000000e+00 1.000000000000000000e+01 1.519915747642517148e-02
7.000000000000000000e+00 7.000000000000000000e+00 3.000000000000000000e+00 1.289290833473205611e-02
7.000000000000000000e+00 7.000000000000000000e+00 4.000000000000000000e+00 1.300890731811523392e-02
7.000000000000000000e+00 7.000000000000000000e+00 5.000000000000000000e+00 1.293031549453735329e-02
7.000000000000000000e+00 7.000000000000000000e+00 6.000000000000000000e+00 1.301997828483581615e-02
7.000000000000000000e+00 7.000000000000000000e+00 7.000000000000000000e+00 1.321691155433654848e-02
7.000000000000000000e+00 7.000000000000000000e+00 8.000000000000000000e+00 1.385475397109985421e-02
7.000000000000000000e+00 7.000000000000000000e+00 9.000000000000000000e+00 1.369775390625000040e-02
7.000000000000000000e+00 7.000000000000000000e+00 1.000000000000000000e+01 1.582036471366882191e-02
7.000000000000000000e+00 8.000000000000000000e+00 3.000000000000000000e+00 1.346407222747802654e-02
7.000000000000000000e+00 8.000000000000000000e+00 4.000000000000000000e+00 1.354664993286132726e-02
7.000000000000000000e+00 8.000000000000000000e+00 5.000000000000000000e+00 1.360547709465026803e-02
7.000000000000000000e+00 8.000000000000000000e+00 6.000000000000000000e+00 1.373388600349426288e-02
7.000000000000000000e+00 8.000000000000000000e+00 7.000000000000000000e+00 1.391642975807189965e-02
7.000000000000000000e+00 8.000000000000000000e+00 8.000000000000000000e+00 1.503590321540832463e-02
7.000000000000000000e+00 8.000000000000000000e+00 9.000000000000000000e+00 1.400694966316223117e-02
7.000000000000000000e+00 8.000000000000000000e+00 1.000000000000000000e+01 1.971923446655273610e-02
7.000000000000000000e+00 9.000000000000000000e+00 3.000000000000000000e+00 1.366078305244445776e-02
7.000000000000000000e+00 9.000000000000000000e+00 4.000000000000000000e+00 1.353283238410949753e-02
7.000000000000000000e+00 9.000000000000000000e+00 5.000000000000000000e+00 1.368389916419982845e-02
7.000000000000000000e+00 9.000000000000000000e+00 6.000000000000000000e+00 1.439171600341796961e-02
7.000000000000000000e+00 9.000000000000000000e+00 7.000000000000000000e+00 1.451192522048950183e-02
7.000000000000000000e+00 9.000000000000000000e+00 8.000000000000000000e+00 1.529504251480102474e-02
7.000000000000000000e+00 9.000000000000000000e+00 9.000000000000000000e+00 1.866059875488281297e-02
7.000000000000000000e+00 9.000000000000000000e+00 1.000000000000000000e+01 2.344378423690795729e-02
7.000000000000000000e+00 1.000000000000000000e+01 3.000000000000000000e+00 1.670898556709289606e-02
7.000000000000000000e+00 1.000000000000000000e+01 4.000000000000000000e+00 1.671371698379516685e-02
7.000000000000000000e+00 1.000000000000000000e+01 5.000000000000000000e+00 1.673984169960021987e-02
7.000000000000000000e+00 1.000000000000000000e+01 6.000000000000000000e+00 1.810500073432922200e-02
7.000000000000000000e+00 1.000000000000000000e+01 7.000000000000000000e+00 1.906520390510559049e-02
7.000000000000000000e+00 1.000000000000000000e+01 8.000000000000000000e+00 2.020906829833984258e-02
7.000000000000000000e+00 1.000000000000000000e+01 9.000000000000000000e+00 2.392887139320373432e-02
7.000000000000000000e+00 1.000000000000000000e+01 1.000000000000000000e+01 3.017517852783203197e-02
8.000000000000000000e+00 3.000000000000000000e+00 3.000000000000000000e+00 1.256454396247863765e-02
8.000000000000000000e+00 3.000000000000000000e+00 4.000000000000000000e+00 1.258863544464111292e-02
8.000000000000000000e+00 3.000000000000000000e+00 5.000000000000000000e+00 1.262322568893432632e-02
8.000000000000000000e+00 3.000000000000000000e+00 6.000000000000000000e+00 1.275998568534851031e-02
8.000000000000000000e+00 3.000000000000000000e+00 7.000000000000000000e+00 1.459803986549377403e-02
8.000000000000000000e+00 3.000000000000000000e+00 8.000000000000000000e+00 1.533704638481140151e-02
8.000000000000000000e+00 3.000000000000000000e+00 9.000000000000000000e+00 1.933023834228515467e-02
8.000000000000000000e+00 3.000000000000000000e+00 1.000000000000000000e+01 1.962941503524780196e-02
8.000000000000000000e+00 4.000000000000000000e+00 3.000000000000000000e+00 1.256196737289428690e-02
8.000000000000000000e+00 4.000000000000000000e+00 4.000000000000000000e+00 1.254440402984619181e-02
8.000000000000000000e+00 4.000000000000000000e+00 5.000000000000000000e+00 1.344335055351257406e-02
8.000000000000000000e+00 4.000000000000000000e+00 6.000000000000000000e+00 1.413934636116027758e-02
8.000000000000000000e+00 4.000000000000000000e+00 7.000000000000000000e+00 1.481317639350891030e-02
8.000000000000000000e+00 4.000000000000000000e+00 8.000000000000000000e+00 1.511692905426025371e-02
8.000000000000000000e+00 4.000000000000000000e+00 9.000000000000000000e+00 1.902108788490295549e-02
8.000000000000000000e+00 4.000000000000000000e+00 1.000000000000000000e+01 1.935292005538940402e-02
8.000000000000000000e+00 5.000000000000000000e+00 3.000000000000000000e+00 1.245762443542480433e-02
8.000000000000000000e+00 5.000000000000000000e+00 4.000000000000000000e+00 1.237539505958557169e-02
8.000000000000000000e+00 5.000000000000000000e+00 5.000000000000000000e+00 1.315677404403686572e-02
8.000000000000000000e+00 5.000000000000000000e+00 6.000000000000000000e+00 1.416401815414428632e-02
8.000000000000000000e+00 5.000000000000000000e+00 7.000000000000000000e+00 1.452520227432251010e-02
8.000000000000000000e+00 5.000000000000000000e+00 8.000000000000000000e+00 1.482295346260070756e-02
8.000000000000000000e+00 5.000000000000000000e+00 9.000000000000000000e+00 1.757231259346008281e-02
8.000000000000000000e+00 5.000000000000000000e+00 1.000000000000000000e+01 1.966823220252990681e-02
8.000000000000000000e+00 6.000000000000000000e+00 3.000000000000000000e+00 1.268864250183105412e-02
8.000000000000000000e+00 6.000000000000000000e+00 4.000000000000000000e+00 1.269526791572570847e-02
8.000000000000000000e+00 6.000000000000000000e+00 5.000000000000000000e+00 1.293560671806335410e-02
8.000000000000000000e+00 6.000000000000000000e+00 6.000000000000000000e+00 1.347215700149536136e-02
8.000000000000000000e+00 6.000000000000000000e+00 7.000000000000000000e+00 1.400619482994079623e-02
8.000000000000000000e+00 6.000000000000000000e+00 8.000000000000000000e+00 1.513903880119323725e-02
8.000000000000000000e+00 6.000000000000000000e+00 9.000000000000000000e+00 1.794052958488464439e-02
8.000000000000000000e+00 6.000000000000000000e+00 1.000000000000000000e+01 1.968880128860473616e-02
8.000000000000000000e+00 7.000000000000000000e+00 3.000000000000000000e+00 1.297372722625732451e-02
8.000000000000000000e+00 7.000000000000000000e+00 4.000000000000000000e+00 1.308267521858215258e-02
8.000000000000000000e+00 7.000000000000000000e+00 5.000000000000000000e+00 1.310355949401855423e-02
8.000000000000000000e+00 7.000000000000000000e+00 6.000000000000000000e+00 1.303052282333374071e-02
8.000000000000000000e+00 7.000000000000000000e+00 7.000000000000000000e+00 1.365299606323242161e-02
8.000000000000000000e+00 7.000000000000000000e+00 8.000000000000000000e+00 1.361065506935119594e-02
8.000000000000000000e+00 7.000000000000000000e+00 9.000000000000000000e+00 1.546405577659606956e-02
8.000000000000000000e+00 7.000000000000000000e+00 1.000000000000000000e+01 1.859889650344848794e-02
8.000000000000000000e+00 8.000000000000000000e+00 3.000000000000000000e+00 1.366176700592041000e-02
8.000000000000000000e+00 8.000000000000000000e+00 4.000000000000000000e+00 1.408620214462280237e-02
8.000000000000000000e+00 8.000000000000000000e+00 5.000000000000000000e+00 1.411695861816406224e-02
8.000000000000000000e+00 8.000000000000000000e+00 6.000000000000000000e+00 1.390544509887695242e-02
8.000000000000000000e+00 8.000000000000000000e+00 7.000000000000000000e+00 1.432809138298034649e-02
8.000000000000000000e+00 8.000000000000000000e+00 8.000000000000000000e+00 1.495257544517517023e-02
8.000000000000000000e+00 8.000000000000000000e+00 9.000000000000000000e+00 1.588259077072143657e-02
8.000000000000000000e+00 8.000000000000000000e+00 1.000000000000000000e+01 1.989082193374633670e-02
8.000000000000000000e+00 9.000000000000000000e+00 3.000000000000000000e+00 1.574984169006347565e-02
8.000000000000000000e+00 9.000000000000000000e+00 4.000000000000000000e+00 1.570575189590454196e-02
8.000000000000000000e+00 9.000000000000000000e+00 5.000000000000000000e+00 1.585913705825805695e-02
8.000000000000000000e+00 9.000000000000000000e+00 6.000000000000000000e+00 1.625893044471740656e-02
8.000000000000000000e+00 9.000000000000000000e+00 7.000000000000000000e+00 1.675986003875732516e-02
8.000000000000000000e+00 9.000000000000000000e+00 8.000000000000000000e+00 1.749186921119690041e-02
8.000000000000000000e+00 9.000000000000000000e+00 9.000000000000000000e+00 1.913332939147949219e-02
8.000000000000000000e+00 9.000000000000000000e+00 1.000000000000000000e+01 2.542185926437377785e-02
8.000000000000000000e+00 1.000000000000000000e+01 3.000000000000000000e+00 1.934334802627563424e-02
8.000000000000000000e+00 1.000000000000000000e+01 4.000000000000000000e+00 1.934250426292419278e-02
8.000000000000000000e+00 1.000000000000000000e+01 5.000000000000000000e+00 1.958213281631469849e-02
8.000000000000000000e+00 1.000000000000000000e+01 6.000000000000000000e+00 2.033750700950622686e-02
8.000000000000000000e+00 1.000000000000000000e+01 7.000000000000000000e+00 2.138267040252685505e-02
8.000000000000000000e+00 1.000000000000000000e+01 8.000000000000000000e+00 2.262235021591186418e-02
8.000000000000000000e+00 1.000000000000000000e+01 9.000000000000000000e+00 2.589607262611389252e-02
8.000000000000000000e+00 1.000000000000000000e+01 1.000000000000000000e+01 3.274580311775207586e-02
9.000000000000000000e+00 3.000000000000000000e+00 3.000000000000000000e+00 1.471483135223388729e-02
9.000000000000000000e+00 3.000000000000000000e+00 4.000000000000000000e+00 1.469602060317993196e-02
9.000000000000000000e+00 3.000000000000000000e+00 5.000000000000000000e+00 1.479405498504638740e-02
9.000000000000000000e+00 3.000000000000000000e+00 6.000000000000000000e+00 1.553721785545349177e-02
9.000000000000000000e+00 3.000000000000000000e+00 7.000000000000000000e+00 1.551623511314392106e-02
9.000000000000000000e+00 3.000000000000000000e+00 8.000000000000000000e+00 1.771004176139831521e-02
9.000000000000000000e+00 3.000000000000000000e+00 9.000000000000000000e+00 1.778347659111022966e-02
9.000000000000000000e+00 3.000000000000000000e+00 1.000000000000000000e+01 2.196238517761230427e-02
9.000000000000000000e+00 4.000000000000000000e+00 3.000000000000000000e+00 1.477735686302185034e-02
9.000000000000000000e+00 4.000000000000000000e+00 4.000000000000000000e+00 1.479723000526428182e-02
9.000000000000000000e+00 4.000000000000000000e+00 5.000000000000000000e+00 1.494405913352966388e-02
9.000000000000000000e+00 4.000000000000000000e+00 6.000000000000000000e+00 1.668170571327209570e-02
9.000000000000000000e+00 4.000000000000000000e+00 7.000000000000000000e+00 1.579702234268188371e-02
9.000000000000000000e+00 4.000000000000000000e+00 8.000000000000000000e+00 1.769627833366393954e-02
9.000000000000000000e+00 4.000000000000000000e+00 9.000000000000000000e+00 2.168860316276550321e-02
9.000000000000000000e+00 4.000000000000000000e+00 1.000000000000000000e+01 2.187484073638916102e-02
9.000000000000000000e+00 5.000000000000000000e+00 3.000000000000000000e+00 1.495955300331115734e-02
9.000000000000000000e+00 5.000000000000000000e+00 4.000000000000000000e+00 1.487179517745971721e-02
9.000000000000000000e+00 5.000000000000000000e+00 5.000000000000000000e+00 1.500260734558105449e-02
9.000000000000000000e+00 5.000000000000000000e+00 6.000000000000000000e+00 1.550428915023803651e-02
9.000000000000000000e+00 5.000000000000000000e+00 7.000000000000000000e+00 1.697289919853210358e-02
9.000000000000000000e+00 5.000000000000000000e+00 8.000000000000000000e+00 1.771156334877014085e-02
9.000000000000000000e+00 5.000000000000000000e+00 9.000000000000000000e+00 2.166045522689819328e-02
9.000000000000000000e+00 5.000000000000000000e+00 1.000000000000000000e+01 2.179879784584045493e-02
9.000000000000000000e+00 6.000000000000000000e+00 3.000000000000000000e+00 1.522362589836120592e-02
9.000000000000000000e+00 6.000000000000000000e+00 4.000000000000000000e+00 1.538078331947326585e-02
9.000000000000000000e+00 6.000000000000000000e+00 5.000000000000000000e+00 1.594526076316833338e-02
9.000000000000000000e+00 6.000000000000000000e+00 6.000000000000000000e+00 1.723047590255737463e-02
9.000000000000000000e+00 6.000000000000000000e+00 7.000000000000000000e+00 1.673292422294616819e-02
9.000000000000000000e+00 6.000000000000000000e+00 8.000000000000000000e+00 1.783865213394164942e-02
9.000000000000000000e+00 6.000000000000000000e+00 9.000000000000000000e+00 2.044309020042419517e-02
9.000000000000000000e+00 6.000000000000000000e+00 1.000000000000000000e+01 2.298193907737731967e-02
9.000000000000000000e+00 7.000000000000000000e+00 3.000000000000000000e+00 1.647131180763244593e-02
9.000000000000000000e+00 7.000000000000000000e+00 4.000000000000000000e+00 1.629465794563293365e-02
9.000000000000000000e+00 7.000000000000000000e+00 5.000000000000000000e+00 1.638107943534851049e-02
9.000000000000000000e+00 7.000000000000000000e+00 6.000000000000000000e+00 1.611821508407592848e-02
9.000000000000000000e+00 7.000000000000000000e+00 7.000000000000000000e+00 1.682439494132995442e-02
9.000000000000000000e+00 7.000000000000000000e+00 8.000000000000000000e+00 1.792371511459350461e-02
9.000000000000000000e+00 7.000000000000000000e+00 9.000000000000000000e+00 2.128894877433776950e-02
9.000000000000000000e+00 7.000000000000000000e+00 1.000000000000000000e+01 2.305818629264831665e-02
9.000000000000000000e+00 8.000000000000000000e+00 3.000000000000000000e+00 1.697983503341674721e-02
9.000000000000000000e+00 8.000000000000000000e+00 4.000000000000000000e+00 1.690760087966918998e-02
9.000000000000000000e+00 8.000000000000000000e+00 5.000000000000000000e+00 1.690129494667053089e-02
9.000000000000000000e+00 8.000000000000000000e+00 6.000000000000000000e+00 1.698762893676757785e-02
9.000000000000000000e+00 8.000000000000000000e+00 7.000000000000000000e+00 1.720206952095031799e-02
9.000000000000000000e+00 8.000000000000000000e+00 8.000000000000000000e+00 1.771881651878357000e-02
9.000000000000000000e+00 8.000000000000000000e+00 9.000000000000000000e+00 1.876645421981811696e-02
9.000000000000000000e+00 8.000000000000000000e+00 1.000000000000000000e+01 2.272370266914367637e-02
9.000000000000000000e+00 9.000000000000000000e+00 3.000000000000000000e+00 1.835647630691528490e-02
9.000000000000000000e+00 9.000000000000000000e+00 4.000000000000000000e+00 1.842431712150573858e-02
9.000000000000000000e+00 9.000000000000000000e+00 5.000000000000000000e+00 1.849696087837219075e-02
9.000000000000000000e+00 9.000000000000000000e+00 6.000000000000000000e+00 1.893259358406066892e-02
9.000000000000000000e+00 9.000000000000000000e+00 7.000000000000000000e+00 1.995182156562805287e-02
9.000000000000000000e+00 9.000000000000000000e+00 8.000000000000000000e+00 2.002611613273620750e-02
9.000000000000000000e+00 9.000000000000000000e+00 9.000000000000000000e+00 2.205677008628845193e-02
9.000000000000000000e+00 9.000000000000000000e+00 1.000000000000000000e+01 2.631572508811950636e-02
9.000000000000000000e+00 1.000000000000000000e+01 3.000000000000000000e+00 2.348882460594177088e-02
9.000000000000000000e+00 1.000000000000000000e+01 4.000000000000000000e+00 2.333778262138366810e-02
9.000000000000000000e+00 1.000000000000000000e+01 5.000000000000000000e+00 2.345984196662902893e-02
9.000000000000000000e+00 1.000000000000000000e+01 6.000000000000000000e+00 2.432165908813476579e-02
9.000000000000000000e+00 1.000000000000000000e+01 7.000000000000000000e+00 2.481753492355346508e-02
9.000000000000000000e+00 1.000000000000000000e+01 8.000000000000000000e+00 2.601999735832214236e-02
9.000000000000000000e+00 1.000000000000000000e+01 9.000000000000000000e+00 2.853350758552551311e-02
9.000000000000000000e+00 1.000000000000000000e+01 1.000000000000000000e+01 3.480316710472106806e-02
1.000000000000000000e+01 3.000000000000000000e+00 3.000000000000000000e+00 2.042746281623840365e-02
1.000000000000000000e+01 3.000000000000000000e+00 4.000000000000000000e+00 2.045655798912048365e-02
1.000000000000000000e+01 3.000000000000000000e+00 5.000000000000000000e+00 2.073099112510681102e-02
1.000000000000000000e+01 3.000000000000000000e+00 6.000000000000000000e+00 1.740363621711731035e-02
1.000000000000000000e+01 3.000000000000000000e+00 7.000000000000000000e+00 1.767988491058349737e-02
1.000000000000000000e+01 3.000000000000000000e+00 8.000000000000000000e+00 1.827707290649414201e-02
1.000000000000000000e+01 3.000000000000000000e+00 9.000000000000000000e+00 1.919989919662475758e-02
1.000000000000000000e+01 3.000000000000000000e+00 1.000000000000000000e+01 2.220267772674560519e-02
1.000000000000000000e+01 4.000000000000000000e+00 3.000000000000000000e+00 1.721405196189880471e-02
1.000000000000000000e+01 4.000000000000000000e+00 4.000000000000000000e+00 1.718768215179443393e-02
1.000000000000000000e+01 4.000000000000000000e+00 5.000000000000000000e+00 1.709829902648925953e-02
1.000000000000000000e+01 4.000000000000000000e+00 6.000000000000000000e+00 2.082275128364562827e-02
1.000000000000000000e+01 4.000000000000000000e+00 7.000000000000000000e+00 1.753606820106506231e-02
1.000000000000000000e+01 4.000000000000000000e+00 8.000000000000000000e+00 1.799702596664428875e-02
1.000000000000000000e+01 4.000000000000000000e+00 9.000000000000000000e+00 1.936957788467407252e-02
1.000000000000000000e+01 4.000000000000000000e+00 1.000000000000000000e+01 2.231048750877380471e-02
1.000000000000000000e+01 5.000000000000000000e+00 3.000000000000000000e+00 2.077694940567016701e-02
1.000000000000000000e+01 5.000000000000000000e+00 4.000000000000000000e+00 2.076932144165039018e-02
1.000000000000000000e+01 5.000000000000000000e+00 5.000000000000000000e+00 2.069528484344482569e-02
1.000000000000000000e+01 5.000000000000000000e+00 6.000000000000000000e+00 2.094887232780456507e-02
1.000000000000000000e+01 5.000000000000000000e+00 7.000000000000000000e+00 2.309547638893127280e-02
1.000000000000000000e+01 5.000000000000000000e+00 8.000000000000000000e+00 1.809691858291626043e-02
1.000000000000000000e+01 5.000000000000000000e+00 9.000000000000000000e+00 1.920539593696594244e-02
1.000000000000000000e+01 5.000000000000000000e+00 1.000000000000000000e+01 2.241132521629333324e-02
1.000000000000000000e+01 6.000000000000000000e+00 3.000000000000000000e+00 2.240936732292175132e-02
1.000000000000000000e+01 6.000000000000000000e+00 4.000000000000000000e+00 2.235089612007140972e-02
1.000000000000000000e+01 6.000000000000000000e+00 5.000000000000000000e+00 2.255578923225402821e-02
1.000000000000000000e+01 6.000000000000000000e+00 6.000000000000000000e+00 2.263692235946655404e-02
1.000000000000000000e+01 6.000000000000000000e+00 7.000000000000000000e+00 2.403256344795226887e-02
1.000000000000000000e+01 6.000000000000000000e+00 8.000000000000000000e+00 2.434448194503784080e-02
1.000000000000000000e+01 6.000000000000000000e+00 9.000000000000000000e+00 2.028640961647033836e-02
1.000000000000000000e+01 6.000000000000000000e+00 1.000000000000000000e+01 2.359916663169860790e-02
1.000000000000000000e+01 7.000000000000000000e+00 3.000000000000000000e+00 1.865303325653076133e-02
1.000000000000000000e+01 7.000000000000000000e+00 4.000000000000000000e+00 2.325962162017822243e-02
1.000000000000000000e+01 7.000000000000000000e+00 5.000000000000000000e+00 2.384976649284362843e-02
1.000000000000000000e+01 7.000000000000000000e+00 6.000000000000000000e+00 2.370101404190063515e-02
1.000000000000000000e+01 7.000000000000000000e+00 7.000000000000000000e+00 2.435722827911376842e-02
1.000000000000000000e+01 7.000000000000000000e+00 8.000000000000000000e+00 2.501636052131652951e-02
1.000000000000000000e+01 7.000000000000000000e+00 9.000000000000000000e+00 2.926696825027465948e-02
1.000000000000000000e+01 7.000000000000000000e+00 1.000000000000000000e+01 2.417088937759399522e-02
1.000000000000000000e+01 8.000000000000000000e+00 3.000000000000000000e+00 1.984762048721313427e-02
1.000000000000000000e+01 8.000000000000000000e+00 4.000000000000000000e+00 1.981086754798889321e-02
1.000000000000000000e+01 8.000000000000000000e+00 5.000000000000000000e+00 2.465137100219726499e-02
1.000000000000000000e+01 8.000000000000000000e+00 6.000000000000000000e+00 2.491496729850769046e-02
1.000000000000000000e+01 8.000000000000000000e+00 7.000000000000000000e+00 2.526872801780700659e-02
1.000000000000000000e+01 8.000000000000000000e+00 8.000000000000000000e+00 2.594392704963684182e-02
1.000000000000000000e+01 8.000000000000000000e+00 9.000000000000000000e+00 2.725595140457153301e-02
1.000000000000000000e+01 8.000000000000000000e+00 1.000000000000000000e+01 3.230571460723877242e-02
1.000000000000000000e+01 9.000000000000000000e+00 3.000000000000000000e+00 2.651102495193481332e-02
1.000000000000000000e+01 9.000000000000000000e+00 4.000000000000000000e+00 2.638703632354736164e-02
1.000000000000000000e+01 9.000000000000000000e+00 5.000000000000000000e+00 2.654000377655029233e-02
1.000000000000000000e+01 9.000000000000000000e+00 6.000000000000000000e+00 2.702404260635376046e-02
1.000000000000000000e+01 9.000000000000000000e+00 7.000000000000000000e+00 3.170973324775695767e-02
1.000000000000000000e+01 9.000000000000000000e+00 8.000000000000000000e+00 3.254763340950012074e-02
1.000000000000000000e+01 9.000000000000000000e+00 9.000000000000000000e+00 3.329497122764587397e-02
1.000000000000000000e+01 9.000000000000000000e+00 1.000000000000000000e+01 3.855025362968445002e-02
1.000000000000000000e+01 1.000000000000000000e+01 3.000000000000000000e+00 3.392691540718078408e-02
1.000000000000000000e+01 1.000000000000000000e+01 4.000000000000000000e+00 3.366633725166320867e-02
1.000000000000000000e+01 1.000000000000000000e+01 5.000000000000000000e+00 3.368404340744018260e-02
1.000000000000000000e+01 1.000000000000000000e+01 6.000000000000000000e+00 3.508521199226379700e-02
1.000000000000000000e+01 1.000000000000000000e+01 7.000000000000000000e+00 3.542277431488036893e-02
1.000000000000000000e+01 1.000000000000000000e+01 8.000000000000000000e+00 3.795399546623230008e-02
1.000000000000000000e+01 1.000000000000000000e+01 9.000000000000000000e+00 4.536184024810790971e-02
1.000000000000000000e+01 1.000000000000000000e+01 1.000000000000000000e+01 4.678771853446960644e-02
