3.000000000000000000e+00 3.000000000000000000e+00 3.000000000000000000e+00 8.665821075439453930e-03
3.000000000000000000e+00 3.000000000000000000e+00 4.000000000000000000e+00 8.824098348617553933e-03
3.000000000000000000e+00 3.000000000000000000e+00 5.000000000000000000e+00 8.672672271728515750e-03
3.000000000000000000e+00 3.000000000000000000e+00 6.000000000000000000e+00 9.043331384658813421e-03
3.000000000000000000e+00 3.000000000000000000e+00 7.000000000000000000e+00 9.235510826110840052e-03
3.000000000000000000e+00 3.000000000000000000e+00 8.000000000000000000e+00 9.680546045303344352e-03
3.000000000000000000e+00 3.000000000000000000e+00 9.000000000000000000e+00 1.272474932670593188e-02
3.000000000000000000e+00 3.000000000000000000e+00 1.000000000000000000e+01 1.250890398025512711e-02
3.000000000000000000e+00 4.000000000000000000e+00 3.000000000000000000e+00 8.682307720184325589e-03
3.000000000000000000e+00 4.000000000000000000e+00 4.000000000000000000e+00 8.693186998367309279e-03
3.000000000000000000e+00 4.000000000000000000e+00 5.000000000000000000e+00 8.912178277969360837e-03
3.000000000000000000e+00 4.000000000000000000e+00 6.000000000000000000e+00 9.043168544769287706e-03
3.000000000000000000e+00 4.000000000000000000e+00 7.000000000000000000e+00 9.221850395202636427e-03
3.000000000000000000e+00 4.000000000000000000e+00 8.000000000000000000e+00 9.781176328659057367e-03
3.000000000000000000e+00 4.000000000000000000e+00 9.000000000000000000e+00 1.279889941215515102e-02
3.000000000000000000e+00 4.000000000000000000e+00 1.000000000000000000e+01 1.263815426826477017e-02
3.000000000000000000e+00 5.000000000000000000e+00 3.000000000000000000e+00 8.877571821212768693e-03
3.000000000000000000e+00 5.000000000000000000e+00 4.000000000000000000e+00 8.800371170043945479e-03
3.000000000000000000e+00 5.000000000000000000e+00 5.000000000000000000e+00 8.922935009002685644e-03
3.000000000000000000e+00 5.000000000000000000e+00 6.000000000000000000e+00 9.094531059265137385e-03
3.000000000000000000e+00 5.000000000000000000e+00 7.000000000000000000e+00 9.232121706008910439e-03
3.000000000000000000e+00 5.000000000000000000e+00 8.000000000000000000e+00 9.860513210296630374e-03
3.000000000000000000e+00 5.000000000000000000e+00 9.000000000000000000e+00 1.292378449440002505e-02
3.000000000000000000e+00 5.000000000000000000e+00 1.000000000000000000e+01 1.244255805015563945e-02
3.000000000000000000e+00 6.000000000000000000e+00 3.000000000000000000e+00 9.035756587982177526e-03
3.000000000000000000e+00 6.000000000000000000e+00 4.000000000000000000e+00 8.978900194168091056e-03
3.000000000000000000e+00 6.000000000000000000e+00 5.000000000000000000e+00 8.932813882827758331e-03
3.000000000000000000e+00 6.000000000000000000e+00 6.000000000000000000e+00 9.105099439620971749e-03
3.000000000000000000e+00 6.000000000000000000e+00 7.000000000000000000e+00 9.277267932891845870e-03
3.000000000000000000e+00 6.000000000000000000e+00 8.000000000000000000e+00 9.847367525100708674e-03
3.000000000000000000e+00 6.000000000000000000e+00 9.000000000000000000e+00 1.276396131515502956e-02
3.000000000000000000e+00 6.000000000000000000e+00 1.000000000000000000e+01 1.421284127235412573e-02
3.000000000000000000e+00 7.000000000000000000e+00 3.000000000000000000e+00 9.240849256515502180e-03
3.000000000000000000e+00 7.000000000000000000e+00 4.000000000000000000e+00 9.160790205001831735e-03
3.000000000000000000e+00 7.000000000000000000e+00 5.000000000000000000e+00 9.247031211853027483e-03
3.000000000000000000e+00 7.000000000000000000e+00 6.000000000000000000e+00 9.429030656814574654e-03
3.000000000000000000e+00 7.000000000000000000e+00 7.000000000000000000e+00 9.536131143569945637e-03
3.000000000000000000e+00 7.000000000000000000e+00 8.000000000000000000e+00 1.003287816047668431e-02
3.000000000000000000e+00 7.000000000000000000e+00 9.000000000000000000e+00 1.242852449417114306e-02
3.000000000000000000e+00 7.000000000000000000e+00 1.000000000000000000e+01 1.391833257675170916e-02
3.000000000000000000e+00 8.000000000000000000e+00 3.000000000000000000e+00 9.704648494720458790e-03
3.000000000000000000e+00 8.000000000000000000e+00 4.000000000000000000e+00 9.700432300567626495e-03
3.000000000000000000e+00 8.000000000000000000e+00 5.000000000000000000e+00 9.819007635116576774e-03
3.000000000000000000e+00 8.000000000000000000e+00 6.000000000000000000e+00 1.003394746780395495e-02
3.000000000000000000e+00 8.000000000000000000e+00 7.000000000000000000e+00 1.015479516983032286e-02
3.000000000000000000e+00 8.000000000000000000e+00 8.000000000000000000e+00 1.237557864189147913e-02
3.000000000000000000e+00 8.000000000000000000e+00 9.000000000000000000e+00 1.324479508399963382e-02
3.000000000000000000e+00 8.000000000000000000e+00 1.000000000000000000e+01 1.845962595939636131e-02
3.000000000000000000e+00 9.000000000000000000e+00 3.000000000000000000e+00 1.260186743736267136e-02
3.000000000000000000e+00 9.000000000000000000e+00 4.000000000000000000e+00 1.257698440551757897e-02
3.000000000000000000e+00 9.000000000000000000e+00 5.000000000000000000e+00 1.254617834091186455e-02
3.000000000000000000e+00 9.000000000000000000e+00 6.000000000000000000e+00 1.336438965797424362e-02
3.000000000000000000e+00 9.000000000000000000e+00 7.000000000000000000e+00 1.359727978706359863e-02
3.000000000000000000e+00 9.000000000000000000e+00 8.000000000000000000e+00 1.441717362403869586e-02
3.000000000000000000e+00 9.000000000000000000e+00 9.000000000000000000e+00 1.545485424995422449e-02
3.000000000000000000e+00 9.000000000000000000e+00 1.000000000000000000e+01 2.109813451766967898e-02
3.000000000000000000e+00 1.000000000000000000e+01 3.000000000000000000e+00 1.249636268615722696e-02
3.000000000000000000e+00 1.000000000000000000e+01 4.000000000000000000e+00 1.253896641731262231e-02
3.000000000000000000e+00 1.000000000000000000e+01 5.000000000000000000e+00 1.266614484786987224e-02
3.000000000000000000e+00 1.000000000000000000e+01 6.000000000000000000e+00 1.567613577842712561e-02
3.000000000000000000e+00 1.000000000000000000e+01 7.000000000000000000e+00 1.647363066673278656e-02
3.000000000000000000e+00 1.000000000000000000e+01 8.000000000000000000e+00 1.824162268638610668e-02
3.000000000000000000e+00 1.000000000000000000e+01 9.000000000000000000e+00 2.055191683769225924e-02
3.000000000000000000e+00 1.000000000000000000e+01 1.000000000000000000e+01 2.747265601158142140e-02
4.000000000000000000e+00 3.000000000000000000e+00 3.000000000000000000e+00 8.767504692077637135e-03
4.000000000000000000e+00 3.000000000000000000e+00 4.000000000000000000e+00 8.591555833816528695e-03
4.000000000000000000e+00 3.000000000000000000e+00 5.000000000000000000e+00 8.925854682922363184e-03
4.000000000000000000e+00 3.000000000000000000e+00 6.000000000000000000e+00 8.917155027389525937e-03
4.000000000000000000e+00 3.000000000000000000e+00 7.000000000000000000e+00 9.123918771743774747e-03
4.000000000000000000e+00 3.000000000000000000e+00 8.000000000000000000e+00 9.657660484313964136e-03
4.000000000000000000e+00 3.000000000000000000e+00 9.000000000000000000e+00 1.262764716148376438e-02
4.000000000000000000e+00 3.000000000000000000e+00 1.000000000000000000e+01 1.250696730613708521e-02
4.000000000000000000e+00 4.000000000000000000e+00 3.000000000000000000e+00 8.707139730453491988e-03
4.000000000000000000e+00 4.000000000000000000e+00 4.000000000000000000e+00 8.629120588302612027e-03
4.000000000000000000e+00 4.000000000000000000e+00 5.000000000000000000e+00 8.795753717422485907e-03
4.000000000000000000e+00 4.000000000000000000e+00 6.000000000000000000e+00 8.972395181655884108e-03
4.000000000000000000e+00 4.000000000000000000e+00 7.000000000000000000e+00 9.147855043411255369e-03
4.000000000000000000e+00 4.000000000000000000e+00 8.000000000000000000e+00 9.669273376464844472e-03
4.000000000000000000e+00 4.000000000000000000e+00 9.000000000000000000e+00 1.257632923126220624e-02
4.000000000000000000e+00 4.000000000000000000e+00 1.000000000000000000e+01 1.221103072166442906e-02
4.000000000000000000e+00 5.000000000000000000e+00 3.000000000000000000e+00 8.793277502059935677e-03
4.000000000000000000e+00 5.000000000000000000e+00 4.000000000000000000e+00 8.726079225540160633e-03
4.000000000000000000e+00 5.000000000000000000e+00 5.000000000000000000e+00 8.812822341918945951e-03
4.000000000000000000e+00 5.000000000000000000e+00 6.000000000000000000e+00 8.982015609741210091e-03
4.000000000000000000e+00 5.000000000000000000e+00 7.000000000000000000e+00 9.257512092590331962e-03
4.000000000000000000e+00 5.000000000000000000e+00 8.000000000000000000e+00 9.736536264419556191e-03
4.000000000000000000e+00 5.000000000000000000e+00 9.000000000000000000e+00 1.264569258689880391e-02
4.000000000000000000e+00 5.000000000000000000e+00 1.000000000000000000e+01 1.257577109336853113e-02
4.000000000000000000e+00 6.000000000000000000e+00 3.000000000000000000e+00 9.056825160980224929e-03
4.000000000000000000e+00 6.000000000000000000e+00 4.000000000000000000e+00 8.922068119049072696e-03
4.000000000000000000e+00 6.000000000000000000e+00 5.000000000000000000e+00 8.999779701232909698e-03
4.000000000000000000e+00 6.000000000000000000e+00 6.000000000000000000e+00 9.121529102325439536e-03
4.000000000000000000e+00 6.000000000000000000e+00 7.000000000000000000e+00 9.231910943984985088e-03
4.000000000000000000e+00 6.000000000000000000e+00 8.000000000000000000e+00 1.011682987213134710e-02
4.000000000000000000e+00 6.000000000000000000e+00 9.000000000000000000e+00 1.129779005050659223e-02
4.000000000000000000e+00 6.000000000000000000e+00 1.000000000000000000e+01 1.285113787651061962e-02
4.000000000000000000e+00 7.000000000000000000e+00 3.000000000000000000e+00 9.168589591979980219e-03
4.000000000000000000e+00 7.000000000000000000e+00 4.000000000000000000e+00 9.095134019851684043e-03
4.000000000000000000e+00 7.000000000000000000e+00 5.000000000000000000e+00 9.199608564376831471e-03
4.000000000000000000e+00 7.000000000000000000e+00 6.000000000000000000e+00 9.435083150863648321e-03
4.000000000000000000e+00 7.000000000000000000e+00 7.000000000000000000e+00 9.554298400878905723e-03
4.000000000000000000e+00 7.000000000000000000e+00 8.000000000000000000e+00 1.013926339149475060e-02
4.000000000000000000e+00 7.000000000000000000e+00 9.000000000000000000e+00 1.312659645080566442e-02
4.000000000000000000e+00 7.000000000000000000e+00 1.000000000000000000e+01 1.462900209426879969e-02
4.000000000000000000e+00 8.000000000000000000e+00 3.000000000000000000e+00 9.600073814392089122e-03
4.000000000000000000e+00 8.000000000000000000e+00 4.000000000000000000e+00 9.604496955871582101e-03
4.000000000000000000e+00 8.000000000000000000e+00 5.000000000000000000e+00 9.651165485382079759e-03
4.000000000000000000e+00 8.000000000000000000e+00 6.000000000000000000e+00 9.918610095977782593e-03
4.000000000000000000e+00 8.000000000000000000e+00 7.000000000000000000e+00 1.025029397010803270e-02
4.000000000000000000e+00 8.000000000000000000e+00 8.000000000000000000e+00 1.240362286567688044e-02
4.000000000000000000e+00 8.000000000000000000e+00 9.000000000000000000e+00 1.345775651931762663e-02
4.000000000000000000e+00 8.000000000000000000e+00 1.000000000000000000e+01 1.850481891632079975e-02
4.000000000000000000e+00 9.000000000000000000e+00 3.000000000000000000e+00 1.263930630683898944e-02
4.000000000000000000e+00 9.000000000000000000e+00 4.000000000000000000e+00 1.258570885658264089e-02
4.000000000000000000e+00 9.000000000000000000e+00 5.000000000000000000e+00 1.269371557235717853e-02
4.000000000000000000e+00 9.000000000000000000e+00 6.000000000000000000e+00 1.319930410385131841e-02
4.000000000000000000e+00 9.000000000000000000e+00 7.000000000000000000e+00 1.353129148483276332e-02
4.000000000000000000e+00 9.000000000000000000e+00 8.000000000000000000e+00 1.445703458786010663e-02
4.000000000000000000e+00 9.000000000000000000e+00 9.000000000000000000e+00 1.563670039176940849e-02
4.000000000000000000e+00 9.000000000000000000e+00 1.000000000000000000e+01 2.082851767539977902e-02
4.000000000000000000e+00 1.000000000000000000e+01 3.000000000000000000e+00 1.259811687469482473e-02
4.000000000000000000e+00 1.000000000000000000e+01 4.000000000000000000e+00 1.246436572074890135e-02
4.000000000000000000e+00 1.000000000000000000e+01 5.000000000000000000e+00 1.264126348495483478e-02
4.000000000000000000e+00 1.000000000000000000e+01 6.000000000000000000e+00 1.589073777198791657e-02
4.000000000000000000e+00 1.000000000000000000e+01 7.000000000000000000e+00 1.711325597763061618e-02
4.000000000000000000e+00 1.000000000000000000e+01 8.000000000000000000e+00 1.830342602729797402e-02
4.000000000000000000e+00 1.000000000000000000e+01 9.000000000000000000e+00 2.059144568443298240e-02
4.000000000000000000e+00 1.000000000000000000e+01 1.000000000000000000e+01 2.775435590744018688e-02
5.000000000000000000e+00 3.000000000000000000e+00 3.000000000000000000e+00 5.019043684005737409e-03
5.000000000000000000e+00 3.000000000000000000e+00 4.000000000000000000e+00 5.086244344711303954e-03
5.000000000000000000e+00 3.000000000000000000e+00 5.000000000000000000e+00 5.096645832061767918e-03
5.000000000000000000e+00 3.000000000000000000e+00 6.000000000000000000e+00 5.409734010696411015e-03
5.000000000000000000e+00 3.000000000000000000e+00 7.000000000000000000e+00 5.589381694793700908e-03
5.000000000000000000e+00 3.000000000000000000e+00 8.000000000000000000e+00 5.779499053955077827e-03
5.000000000000000000e+00 3.000000000000000000e+00 9.000000000000000000e+00 7.024446487426757972e-03
5.000000000000000000e+00 3.000000000000000000e+00 1.000000000000000000e+01 1.225127553939819348e-02
5.000000000000000000e+00 4.000000000000000000e+00 3.000000000000000000e+00 4.994226694107055733e-03
5.000000000000000000e+00 4.000000000000000000e+00 4.000000000000000000e+00 4.995623350143432728e-03
5.000000000000000000e+00 4.000000000000000000e+00 5.000000000000000000e+00 5.072216510772705432e-03
5.000000000000000000e+00 4.000000000000000000e+00 6.000000000000000000e+00 5.265475511550903563e-03
5.000000000000000000e+00 4.000000000000000000e+00 7.000000000000000000e+00 5.065624237060546882e-03
5.000000000000000000e+00 4.000000000000000000e+00 8.000000000000000000e+00 5.866587162017822266e-03
5.000000000000000000e+00 4.000000000000000000e+00 9.000000000000000000e+00 6.969273328781127978e-03
5.000000000000000000e+00 4.000000000000000000e+00 1.000000000000000000e+01 1.227771925926208520e-02
5.000000000000000000e+00 5.000000000000000000e+00 3.000000000000000000e+00 5.244054794311523403e-03
5.000000000000000000e+00 5.000000000000000000e+00 4.000000000000000000e+00 5.270346879959106855e-03
5.000000000000000000e+00 5.000000000000000000e+00 5.000000000000000000e+00 4.942682266235351798e-03
5.000000000000000000e+00 5.000000000000000000e+00 6.000000000000000000e+00 5.207072734832763304e-03
5.000000000000000000e+00 5.000000000000000000e+00 7.000000000000000000e+00 5.634425878524780031e-03
5.000000000000000000e+00 5.000000000000000000e+00 8.000000000000000000e+00 5.997149229049682229e-03
5.000000000000000000e+00 5.000000000000000000e+00 9.000000000000000000e+00 7.003760337829590191e-03
5.000000000000000000e+00 5.000000000000000000e+00 1.000000000000000000e+01 1.233596062660217291e-02
5.000000000000000000e+00 6.000000000000000000e+00 3.000000000000000000e+00 5.338309764862060255e-03
5.000000000000000000e+00 6.000000000000000000e+00 4.000000000000000000e+00 5.194702625274658266e-03
5.000000000000000000e+00 6.000000000000000000e+00 5.000000000000000000e+00 5.332022905349731445e-03
5.000000000000000000e+00 6.000000000000000000e+00 6.000000000000000000e+00 5.351959228515624709e-03
5.000000000000000000e+00 6.000000000000000000e+00 7.000000000000000000e+00 5.448336362838744965e-03
5.000000000000000000e+00 6.000000000000000000e+00 8.000000000000000000e+00 5.769951581954956173e-03
5.000000000000000000e+00 6.000000000000000000e+00 9.000000000000000000e+00 7.096848964691162241e-03
5.000000000000000000e+00 6.000000000000000000e+00 1.000000000000000000e+01 1.322619771957397536e-02
5.000000000000000000e+00 7.000000000000000000e+00 3.000000000000000000e+00 5.454861879348754487e-03
5.000000000000000000e+00 7.000000000000000000e+00 4.000000000000000000e+00 5.339811086654663343e-03
5.000000000000000000e+00 7.000000000000000000e+00 5.000000000000000000e+00 5.422733068466186607e-03
5.000000000000000000e+00 7.000000000000000000e+00 6.000000000000000000e+00 5.628333330154418682e-03
5.000000000000000000e+00 7.000000000000000000e+00 7.000000000000000000e+00 5.410964965820312493e-03
5.000000000000000000e+00 7.000000000000000000e+00 8.000000000000000000e+00 6.176483631134033030e-03
5.000000000000000000e+00 7.000000000000000000e+00 9.000000000000000000e+00 1.245511245727539025e-02
5.000000000000000000e+00 7.000000000000000000e+00 1.000000000000000000e+01 1.365660524368286083e-02
5.000000000000000000e+00 8.000000000000000000e+00 3.000000000000000000e+00 5.900351762771606154e-03
5.000000000000000000e+00 8.000000000000000000e+00 4.000000000000000000e+00 5.843819141387939647e-03
5.000000000000000000e+00 8.000000000000000000e+00 5.000000000000000000e+00 5.835682630538940527e-03
5.000000000000000000e+00 8.000000000000000000e+00 6.000000000000000000e+00 5.970082521438598716e-03
5.000000000000000000e+00 8.000000000000000000e+00 7.000000000000000000e+00 6.195607900619506600e-03
5.000000000000000000e+00 8.000000000000000000e+00 8.000000000000000000e+00 6.872320890426635541e-03
5.000000000000000000e+00 8.000000000000000000e+00 9.000000000000000000e+00 7.962368249893188657e-03
5.000000000000000000e+00 8.000000000000000000e+00 1.000000000000000000e+01 1.478349852561950707e-02
5.000000000000000000e+00 9.000000000000000000e+00 3.000000000000000000e+00 7.022796630859374709e-03
5.000000000000000000e+00 9.000000000000000000e+00 4.000000000000000000e+00 6.973182916641235650e-03
5.000000000000000000e+00 9.000000000000000000e+00 5.000000000000000000e+00 6.937680006027222013e-03
5.000000000000000000e+00 9.000000000000000000e+00 6.000000000000000000e+00 7.781259536743164243e-03
5.000000000000000000e+00 9.000000000000000000e+00 7.000000000000000000e+00 7.882470846176147308e-03
5.000000000000000000e+00 9.000000000000000000e+00 8.000000000000000000e+00 8.895837783813476118e-03
5.000000000000000000e+00 9.000000000000000000e+00 9.000000000000000000e+00 1.562666511535644454e-02
5.000000000000000000e+00 9.000000000000000000e+00 1.000000000000000000e+01 2.072602415084838848e-02
5.000000000000000000e+00 1.000000000000000000e+01 3.000000000000000000e+00 1.299857950210571260e-02
5.000000000000000000e+00 1.000000000000000000e+01 4.000000000000000000e+00 1.294770383834838862e-02
5.000000000000000000e+00 1.000000000000000000e+01 5.000000000000000000e+00 1.290617728233337327e-02
5.000000000000000000e+00 1.000000000000000000e+01 6.000000000000000000e+00 1.627552652359008645e-02
5.000000000000000000e+00 1.000000000000000000e+01 7.000000000000000000e+00 1.711502718925475910e-02
5.000000000000000000e+00 1.000000000000000000e+01 8.000000000000000000e+00 1.842122983932495059e-02
5.000000000000000000e+00 1.000000000000000000e+01 9.000000000000000000e+00 2.111500787734985410e-02
5.000000000000000000e+00 1.000000000000000000e+01 1.000000000000000000e+01 2.745024800300598089e-02
6.000000000000000000e+00 3.000000000000000000e+00 3.000000000000000000e+00 6.201845169067382590e-03
6.000000000000000000e+00 3.000000000000000000e+00 4.000000000000000000e+00 5.997262716293335141e-03
6.000000000000000000e+00 3.000000000000000000e+00 5.000000000000000000e+00 6.000210523605346326e-03
6.000000000000000000e+00 3.000000000000000000e+00 6.000000000000000000e+00 6.250426530838012334e-03
6.000000000000000000e+00 3.000000000000000000e+00 7.000000000000000000e+00 6.471726179122924520e-03
6.000000000000000000e+00 3.000000000000000000e+00 8.000000000000000000e+00 6.746468305587768888e-03
6.000000000000000000e+00 3.000000000000000000e+00 9.000000000000000000e+00 7.728976964950561544e-03
6.000000000000000000e+00 3.000000000000000000e+00 1.000000000000000000e+01 1.430918812751769999e-02
6.000000000000000000e+00 4.000000000000000000e+00 3.000000000000000000e+00 5.839071512222290122e-03
6.000000000000000000e+00 4.000000000000000000e+00 4.000000000000000000e+00 5.786996841430663840e-03
6.000000000000000000e+00 4.000000000000000000e+00 5.000000000000000000e+00 6.131628990173340100e-03
6.000000000000000000e+00 4.000000000000000000e+00 6.000000000000000000e+00 6.170088529586791742e-03
6.000000000000000000e+00 4.000000000000000000e+00 7.000000000000000000e+00 6.265841960906982748e-03
6.000000000000000000e+00 4.000000000000000000e+00 8.000000000000000000e+00 6.765737771987915400e-03
6.000000000000000000e+00 4.000000000000000000e+00 9.000000000000000000e+00 7.781552076339721610e-03
6.000000000000000000e+00 4.000000000000000000e+00 1.000000000000000000e+01 1.416701650619506779e-02
6.000000000000000000e+00 5.000000000000000000e+00 3.000000000000000000e+00 6.117731809616088964e-03
6.000000000000000000e+00 5.000000000000000000e+00 4.000000000000000000e+00 6.063164472579956298e-03
6.000000000000000000e+00 5.000000000000000000e+00 5.000000000000000000e+00 5.937736749649047581e-03
6.000000000000000000e+00 5.000000000000000000e+00 6.000000000000000000e+00 6.102408885955810589e-03
6.000000000000000000e+00 5.000000000000000000e+00 7.000000000000000000e+00 6.183655500411987596e-03
6.000000000000000000e+00 5.000000000000000000e+00 8.000000000000000000e+00 6.493569374084472851e-03
6.000000000000000000e+00 5.000000000000000000e+00 9.000000000000000000e+00 7.451735496520996323e-03
6.000000000000000000e+00 5.000000000000000000e+00 1.000000000000000000e+01 1.430606317520141668e-02
6.000000000000000000e+00 6.000000000000000000e+00 3.000000000000000000e+00 5.914038419723511089e-03
6.000000000000000000e+00 6.000000000000000000e+00 4.000000000000000000e+00 6.122188806533813456e-03
6.000000000000000000e+00 6.000000000000000000e+00 5.000000000000000000e+00 6.005222558975219574e-03
6.000000000000000000e+00 6.000000000000000000e+00 6.000000000000000000e+00 6.187719583511352463e-03
6.000000000000000000e+00 6.000000000000000000e+00 7.000000000000000000e+00 6.295710086822509620e-03
6.000000000000000000e+00 6.000000000000000000e+00 8.000000000000000000e+00 6.766650199890136483e-03
6.000000000000000000e+00 6.000000000000000000e+00 9.000000000000000000e+00 7.835376262664794228e-03
6.000000000000000000e+00 6.000000000000000000e+00 1.000000000000000000e+01 1.512853050231933658e-02
6.000000000000000000e+00 7.000000000000000000e+00 3.000000000000000000e+00 6.123954534530639399e-03
6.000000000000000000e+00 7.000000000000000000e+00 4.000000000000000000e+00 6.256773710250854853e-03
6.000000000000000000e+00 7.000000000000000000e+00 5.000000000000000000e+00 6.517961502075195722e-03
6.000000000000000000e+00 7.000000000000000000e+00 6.000000000000000000e+00 6.410830497741699593e-03
6.000000000000000000e+00 7.000000000000000000e+00 7.000000000000000000e+00 6.868763685226440645e-03
6.000000000000000000e+00 7.000000000000000000e+00 8.000000000000000000e+00 7.190036296844482498e-03
6.000000000000000000e+00 7.000000000000000000e+00 9.000000000000000000e+00 8.199409008026122686e-03
6.000000000000000000e+00 7.000000000000000000e+00 1.000000000000000000e+01 1.202215647697448681e-02
6.000000000000000000e+00 8.000000000000000000e+00 3.000000000000000000e+00 6.678645610809326276e-03
6.000000000000000000e+00 8.000000000000000000e+00 4.000000000000000000e+00 6.689358234405517849e-03
6.000000000000000000e+00 8.000000000000000000e+00 5.000000000000000000e+00 6.800290107727050871e-03
6.000000000000000000e+00 8.000000000000000000e+00 6.000000000000000000e+00 7.088788747787475551e-03
6.000000000000000000e+00 8.000000000000000000e+00 7.000000000000000000e+00 7.218586921691894608e-03
6.000000000000000000e+00 8.000000000000000000e+00 8.000000000000000000e+00 7.731374025344848674e-03
6.000000000000000000e+00 8.000000000000000000e+00 9.000000000000000000e+00 8.827221632003784055e-03
6.000000000000000000e+00 8.000000000000000000e+00 1.000000000000000000e+01 1.579254627227783328e-02
6.000000000000000000e+00 9.000000000000000000e+00 3.000000000000000000e+00 7.831095457077026992e-03
6.000000000000000000e+00 9.000000000000000000e+00 4.000000000000000000e+00 7.703479528427124162e-03
6.000000000000000000e+00 9.000000000000000000e+00 5.000000000000000000e+00 7.704964160919189342e-03
6.000000000000000000e+00 9.000000000000000000e+00 6.000000000000000000e+00 8.435444831848144462e-03
6.000000000000000000e+00 9.000000000000000000e+00 7.000000000000000000e+00 8.729492187500000056e-03
6.000000000000000000e+00 9.000000000000000000e+00 8.000000000000000000e+00 9.440718173980712502e-03
6.000000000000000000e+00 9.000000000000000000e+00 9.000000000000000000e+00 1.659011936187744160e-02
6.000000000000000000e+00 9.000000000000000000e+00 1.000000000000000000e+01 2.284880042076110895e-02
6.000000000000000000e+00 1.000000000000000000e+01 3.000000000000000000e+00 1.405693769454956048e-02
6.000000000000000000e+00 1.000000000000000000e+01 4.000000000000000000e+00 1.408119869232177766e-02
6.000000000000000000e+00 1.000000000000000000e+01 5.000000000000000000e+00 1.417683863639831489e-02
6.000000000000000000e+00 1.000000000000000000e+01 6.000000000000000000e+00 1.514990901947021497e-02
6.000000000000000000e+00 1.000000000000000000e+01 7.000000000000000000e+00 1.813434815406799253e-02
6.000000000000000000e+00 1.000000000000000000e+01 8.000000000000000000e+00 1.898838114738464478e-02
6.000000000000000000e+00 1.000000000000000000e+01 9.000000000000000000e+00 2.274834942817688041e-02
6.000000000000000000e+00 1.000000000000000000e+01 1.000000000000000000e+01 2.964741897583007824e-02
7.000000000000000000e+00 3.000000000000000000e+00 3.000000000000000000e+00 1.077538156509399471e-02
7.000000000000000000e+00 3.000000000000000000e+00 4.000000000000000000e+00 1.075236225128173816e-02
7.000000000000000000e+00 3.000000000000000000e+00 5.000000000000000000e+00 1.085491919517517050e-02
7.000000000000000000e+00 3.000000000000000000e+00 6.000000000000000000e+00 1.094960880279540957e-02
7.000000000000000000e+00 3.000000000000000000e+00 7.000000000000000000e+00 1.300965571403503440e-02
7.000000000000000000e+00 3.000000000000000000e+00 8.000000000000000000e+00 7.231491565704345828e-03
7.000000000000000000e+00 3.000000000000000000e+00 9.000000000000000000e+00 8.360878705978394207e-03
7.000000000000000000e+00 3.000000000000000000e+00 1.000000000000000000e+01 1.186888813972473110e-02
7.000000000000000000e+00 4.000000000000000000e+00 3.000000000000000000e+00 6.387643337249756040e-03
7.000000000000000000e+00 4.000000000000000000e+00 4.000000000000000000e+00 6.534469366073608274e-03
7.000000000000000000e+00 4.000000000000000000e+00 5.000000000000000000e+00 6.353173971176147468e-03
7.000000000000000000e+00 4.000000000000000000e+00 6.000000000000000000e+00 6.469183921813964448e-03
7.000000000000000000e+00 4.000000000000000000e+00 7.000000000000000000e+00 6.885548591613769275e-03
7.000000000000000000e+00 4.000000000000000000e+00 8.000000000000000000e+00 7.227355718612670649e-03
7.000000000000000000e+00 4.000000000000000000e+00 9.000000000000000000e+00 8.143589496612549383e-03
7.000000000000000000e+00 4.000000000000000000e+00 1.000000000000000000e+01 1.170933079719543510e-02
7.000000000000000000e+00 5.000000000000000000e+00 3.000000000000000000e+00 6.494313478469848633e-03
7.000000000000000000e+00 5.000000000000000000e+00 4.000000000000000000e+00 6.233326673507690562e-03
7.000000000000000000e+00 5.000000000000000000e+00 5.000000000000000000e+00 6.392642736434936933e-03
7.000000000000000000e+00 5.000000000000000000e+00 6.000000000000000000e+00 6.598281145095825223e-03
7.000000000000000000e+00 5.000000000000000000e+00 7.000000000000000000e+00 6.719136476516723334e-03
7.000000000000000000e+00 5.000000000000000000e+00 8.000000000000000000e+00 7.120780706405639877e-03
7.000000000000000000e+00 5.000000000000000000e+00 9.000000000000000000e+00 8.286783933639525757e-03
7.000000000000000000e+00 5.000000000000000000e+00 1.000000000000000000e+01 1.198445248603820755e-02
7.000000000000000000e+00 6.000000000000000000e+00 3.000000000000000000e+00 6.773699522018433034e-03
7.000000000000000000e+00 6.000000000000000000e+00 4.000000000000000000e+00 6.656664848327636941e-03
7.000000000000000000e+00 6.000000000000000000e+00 5.000000000000000000e+00 6.379966259002685554e-03
7.000000000000000000e+00 6.000000000000000000e+00 6.000000000000000000e+00 6.749526262283324883e-03
7.000000000000000000e+00 6.000000000000000000e+00 7.000000000000000000e+00 6.943032503128051397e-03
7.000000000000000000e+00 6.000000000000000000e+00 8.000000000000000000e+00 7.164277076721191177e-03
7.000000000000000000e+00 6.000000000000000000e+00 9.000000000000000000e+00 8.357027530670165308e-03
7.000000000000000000e+00 6.000000000000000000e+00 1.000000000000000000e+01 1.190636324882507306e-02
7.000000000000000000e+00 7.000000000000000000e+00 3.000000000000000000e+00 6.851457357406616488e-03
7.000000000000000000e+00 7.000000000000000000e+00 4.000000000000000000e+00 6.925067901611328160e-03
7.000000000000000000e+00 7.000000000000000000e+00 5.000000000000000000e+00 6.956137895584106265e-03
7.000000000000000000e+00 7.000000000000000000e+00 6.000000000000000000e+00 7.071261644363403473e-03
7.000000000000000000e+00 7.000000000000000000e+00 7.000000000000000000e+00 7.259735107421875014e-03
7.000000000000000000e+00 7.000000000000000000e+00 8.000000000000000000e+00 7.764593362808227227e-03
7.000000000000000000e+00 7.000000000000000000e+00 9.000000000000000000e+00 1.427999567985534582e-02
7.000000000000000000e+00 7.000000000000000000e+00 1.000000000000000000e+01 1.664903593063354545e-02
7.000000000000000000e+00 8.000000000000000000e+00 3.000000000000000000e+00 7.152609586715698471e-03
7.000000000000000000e+00 8.000000000000000000e+00 4.000000000000000000e+00 7.160341501235962212e-03
7.000000000000000000e+00 8.000000000000000000e+00 5.000000000000000000e+00 7.142436742782592649e-03
7.000000000000000000e+00 8.000000000000000000e+00 6.000000000000000000e+00 7.387022972106933177e-03
7.000000000000000000e+00 8.000000000000000000e+00 7.000000000000000000e+00 7.833897352218628651e-03
7.000000000000000000e+00 8.000000000000000000e+00 8.000000000000000000e+00 8.114872694015503457e-03
7.000000000000000000e+00 8.000000000000000000e+00 9.000000000000000000e+00 9.353201866149902025e-03
7.000000000000000000e+00 8.000000000000000000e+00 1.000000000000000000e+01 2.044007086753845195e-02
7.000000000000000000e+00 9.000000000000000000e+00 3.000000000000000000e+00 1.405480957031250006e-02
7.000000000000000000e+00 9.000000000000000000e+00 4.000000000000000000e+00 1.403475832939147898e-02
7.000000000000000000e+00 9.000000000000000000e+00 5.000000000000000000e+00 8.369906187057494368e-03
7.000000000000000000e+00 9.000000000000000000e+00 6.000000000000000000e+00 8.897432804107666127e-03
7.000000000000000000e+00 9.000000000000000000e+00 7.000000000000000000e+00 9.377215623855589960e-03
7.000000000000000000e+00 9.000000000000000000e+00 8.000000000000000000e+00 1.012813282012939471e-02
7.000000000000000000e+00 9.000000000000000000e+00 9.000000000000000000e+00 1.885923790931701496e-02
7.000000000000000000e+00 9.000000000000000000e+00 1.000000000000000000e+01 2.394962859153747584e-02
7.000000000000000000e+00 1.000000000000000000e+01 3.000000000000000000e+00 1.701140952110290552e-02
7.000000000000000000e+00 1.000000000000000000e+01 4.000000000000000000e+00 1.695940852165222015e-02
7.000000000000000000e+00 1.000000000000000000e+01 5.000000000000000000e+00 1.698384881019592355e-02
7.000000000000000000e+00 1.000000000000000000e+01 6.000000000000000000e+00 1.950970745086669927e-02
7.000000000000000000e+00 1.000000000000000000e+01 7.000000000000000000e+00 1.977037811279296758e-02
7.000000000000000000e+00 1.000000000000000000e+01 8.000000000000000000e+00 2.019014954566955566e-02
7.000000000000000000e+00 1.000000000000000000e+01 9.000000000000000000e+00 2.418432474136352622e-02
7.000000000000000000e+00 1.000000000000000000e+01 1.000000000000000000e+01 3.123113369941711570e-02
8.000000000000000000e+00 3.000000000000000000e+00 3.000000000000000000e+00 1.258910346031189009e-02
8.000000000000000000e+00 3.000000000000000000e+00 4.000000000000000000e+00 1.260933232307434072e-02
8.000000000000000000e+00 3.000000000000000000e+00 5.000000000000000000e+00 1.267071151733398411e-02
8.000000000000000000e+00 3.000000000000000000e+00 6.000000000000000000e+00 1.309826493263244705e-02
8.000000000000000000e+00 3.000000000000000000e+00 7.000000000000000000e+00 1.454893350601196324e-02
8.000000000000000000e+00 3.000000000000000000e+00 8.000000000000000000e+00 1.485051774978637766e-02
8.000000000000000000e+00 3.000000000000000000e+00 9.000000000000000000e+00 1.361901211738586470e-02
8.000000000000000000e+00 3.000000000000000000e+00 1.000000000000000000e+01 1.998704719543456867e-02
8.000000000000000000e+00 4.000000000000000000e+00 3.000000000000000000e+00 1.258278560638427697e-02
8.000000000000000000e+00 4.000000000000000000e+00 4.000000000000000000e+00 1.254979848861694294e-02
8.000000000000000000e+00 4.000000000000000000e+00 5.000000000000000000e+00 1.258719825744628908e-02
8.000000000000000000e+00 4.000000000000000000e+00 6.000000000000000000e+00 1.309504032135009807e-02
8.000000000000000000e+00 4.000000000000000000e+00 7.000000000000000000e+00 1.469402456283569296e-02
8.000000000000000000e+00 4.000000000000000000e+00 8.000000000000000000e+00 1.519820642471313502e-02
8.000000000000000000e+00 4.000000000000000000e+00 9.000000000000000000e+00 1.939705920219421398e-02
8.000000000000000000e+00 4.000000000000000000e+00 1.000000000000000000e+01 2.000765824317932151e-02
8.000000000000000000e+00 5.000000000000000000e+00 3.000000000000000000e+00 1.276575112342834446e-02
8.000000000000000000e+00 5.000000000000000000e+00 4.000000000000000000e+00 1.264583706855773940e-02
8.000000000000000000e+00 5.000000000000000000e+00 5.000000000000000000e+00 1.290826678276062005e-02
8.000000000000000000e+00 5.000000000000000000e+00 6.000000000000000000e+00 1.419683241844177206e-02
8.000000000000000000e+00 5.000000000000000000e+00 7.000000000000000000e+00 1.500895547866821361e-02
8.000000000000000000e+00 5.000000000000000000e+00 8.000000000000000000e+00 1.554663491249084518e-02
8.000000000000000000e+00 5.000000000000000000e+00 9.000000000000000000e+00 1.986373448371887146e-02
8.000000000000000000e+00 5.000000000000000000e+00 1.000000000000000000e+01 2.029820728302001928e-02
8.000000000000000000e+00 6.000000000000000000e+00 3.000000000000000000e+00 1.321708130836486868e-02
8.000000000000000000e+00 6.000000000000000000e+00 4.000000000000000000e+00 1.350943422317504861e-02
8.000000000000000000e+00 6.000000000000000000e+00 5.000000000000000000e+00 1.379919672012329054e-02
8.000000000000000000e+00 6.000000000000000000e+00 6.000000000000000000e+00 1.371210861206054697e-02
8.000000000000000000e+00 6.000000000000000000e+00 7.000000000000000000e+00 1.381273031234741232e-02
8.000000000000000000e+00 6.000000000000000000e+00 8.000000000000000000e+00 1.499049353599548294e-02
8.000000000000000000e+00 6.000000000000000000e+00 9.000000000000000000e+00 1.773532629013061662e-02
8.000000000000000000e+00 6.000000000000000000e+00 1.000000000000000000e+01 2.083641123771667533e-02
8.000000000000000000e+00 7.000000000000000000e+00 3.000000000000000000e+00 1.311339092254638732e-02
8.000000000000000000e+00 7.000000000000000000e+00 4.000000000000000000e+00 1.305104446411132872e-02
8.000000000000000000e+00 7.000000000000000000e+00 5.000000000000000000e+00 1.323722243309020941e-02
8.000000000000000000e+00 7.000000000000000000e+00 6.000000000000000000e+00 1.349184870719909689e-02
8.000000000000000000e+00 7.000000000000000000e+00 7.000000000000000000e+00 1.381691861152649012e-02
8.000000000000000000e+00 7.000000000000000000e+00 8.000000000000000000e+00 1.374777126312255911e-02
8.000000000000000000e+00 7.000000000000000000e+00 9.000000000000000000e+00 1.551911473274231006e-02
8.000000000000000000e+00 7.000000000000000000e+00 1.000000000000000000e+01 1.832166051864624057e-02
8.000000000000000000e+00 8.000000000000000000e+00 3.000000000000000000e+00 1.352302289009094279e-02
8.000000000000000000e+00 8.000000000000000000e+00 4.000000000000000000e+00 1.353166508674621613e-02
8.000000000000000000e+00 8.000000000000000000e+00 5.000000000000000000e+00 1.362874054908752401e-02
8.000000000000000000e+00 8.000000000000000000e+00 6.000000000000000000e+00 1.394644546508789010e-02
8.000000000000000000e+00 8.000000000000000000e+00 7.000000000000000000e+00 1.394373488426208473e-02
8.000000000000000000e+00 8.000000000000000000e+00 8.000000000000000000e+00 1.451542186737060473e-02
8.000000000000000000e+00 8.000000000000000000e+00 9.000000000000000000e+00 1.547701406478881915e-02
8.000000000000000000e+00 8.000000000000000000e+00 1.000000000000000000e+01 2.031106996536254788e-02
8.000000000000000000e+00 9.000000000000000000e+00 3.000000000000000000e+00 1.596791434288024822e-02
8.000000000000000000e+00 9.000000000000000000e+00 4.000000000000000000e+00 1.596596574783325229e-02
8.000000000000000000e+00 9.000000000000000000e+00 5.000000000000000000e+00 1.595319867134094294e-02
8.000000000000000000e+00 9.000000000000000000e+00 6.000000000000000000e+00 1.688654994964599448e-02
8.000000000000000000e+00 9.000000000000000000e+00 7.000000000000000000e+00 1.686071872711181543e-02
8.000000000000000000e+00 9.000000000000000000e+00 8.000000000000000000e+00 1.760780739784240795e-02
8.000000000000000000e+00 9.000000000000000000e+00 9.000000000000000000e+00 1.912393569946289201e-02
8.000000000000000000e+00 9.000000000000000000e+00 1.000000000000000000e+01 2.580670809745788663e-02
8.000000000000000000e+00 1.000000000000000000e+01 3.000000000000000000e+00 1.988882493972778456e-02
8.000000000000000000e+00 1.000000000000000000e+01 4.000000000000000000e+00 2.001227116584777810e-02
8.000000000000000000e+00 1.000000000000000000e+01 5.000000000000000000e+00 1.978233432769775299e-02
8.000000000000000000e+00 1.000000000000000000e+01 6.000000000000000000e+00 2.064598035812377844e-02
8.000000000000000000e+00 1.000000000000000000e+01 7.000000000000000000e+00 2.209264469146728430e-02
8.000000000000000000e+00 1.000000000000000000e+01 8.000000000000000000e+00 2.324139881134033164e-02
8.000000000000000000e+00 1.000000000000000000e+01 9.000000000000000000e+00 2.705255079269409252e-02
8.000000000000000000e+00 1.000000000000000000e+01 1.000000000000000000e+01 3.335791707038879284e-02
9.000000000000000000e+00 3.000000000000000000e+00 3.000000000000000000e+00 1.505701923370361336e-02
9.000000000000000000e+00 3.000000000000000000e+00 4.000000000000000000e+00 1.506722164154052773e-02
9.000000000000000000e+00 3.000000000000000000e+00 5.000000000000000000e+00 1.465109443664550787e-02
9.000000000000000000e+00 3.000000000000000000e+00 6.000000000000000000e+00 1.456262373924255456e-02
9.000000000000000000e+00 3.000000000000000000e+00 7.000000000000000000e+00 1.491215562820434604e-02
9.000000000000000000e+00 3.000000000000000000e+00 8.000000000000000000e+00 1.766299962997436648e-02
9.000000000000000000e+00 3.000000000000000000e+00 9.000000000000000000e+00 1.768391871452331537e-02
9.000000000000000000e+00 3.000000000000000000e+00 1.000000000000000000e+01 2.203551650047302218e-02
9.000000000000000000e+00 4.000000000000000000e+00 3.000000000000000000e+00 1.464517498016357396e-02
9.000000000000000000e+00 4.000000000000000000e+00 4.000000000000000000e+00 1.459881377220153750e-02
9.000000000000000000e+00 4.000000000000000000e+00 5.000000000000000000e+00 1.470626926422119105e-02
9.000000000000000000e+00 4.000000000000000000e+00 6.000000000000000000e+00 1.549382877349853548e-02
9.000000000000000000e+00 4.000000000000000000e+00 7.000000000000000000e+00 1.536470127105712957e-02
9.000000000000000000e+00 4.000000000000000000e+00 8.000000000000000000e+00 1.619355225563049241e-02
9.000000000000000000e+00 4.000000000000000000e+00 9.000000000000000000e+00 1.696180295944213837e-02
9.000000000000000000e+00 4.000000000000000000e+00 1.000000000000000000e+01 2.193886828422546287e-02
9.000000000000000000e+00 5.000000000000000000e+00 3.000000000000000000e+00 1.474463486671447748e-02
9.000000000000000000e+00 5.000000000000000000e+00 4.000000000000000000e+00 1.472262334823608472e-02
9.000000000000000000e+00 5.000000000000000000e+00 5.000000000000000000e+00 1.482767391204833918e-02
9.000000000000000000e+00 5.000000000000000000e+00 6.000000000000000000e+00 1.562999463081359702e-02
9.000000000000000000e+00 5.000000000000000000e+00 7.000000000000000000e+00 1.595724153518676691e-02
9.000000000000000000e+00 5.000000000000000000e+00 8.000000000000000000e+00 1.766763806343078780e-02
9.000000000000000000e+00 5.000000000000000000e+00 9.000000000000000000e+00 1.764916920661926264e-02
9.000000000000000000e+00 5.000000000000000000e+00 1.000000000000000000e+01 2.216327762603759882e-02
9.000000000000000000e+00 6.000000000000000000e+00 3.000000000000000000e+00 1.558534860610961970e-02
9.000000000000000000e+00 6.000000000000000000e+00 4.000000000000000000e+00 1.555311655998230062e-02
9.000000000000000000e+00 6.000000000000000000e+00 5.000000000000000000e+00 1.588073396682739349e-02
9.000000000000000000e+00 6.000000000000000000e+00 6.000000000000000000e+00 1.609101390838623205e-02
9.000000000000000000e+00 6.000000000000000000e+00 7.000000000000000000e+00 1.665343809127807495e-02
9.000000000000000000e+00 6.000000000000000000e+00 8.000000000000000000e+00 1.860203003883361891e-02
9.000000000000000000e+00 6.000000000000000000e+00 9.000000000000000000e+00 2.224487376213073880e-02
9.000000000000000000e+00 6.000000000000000000e+00 1.000000000000000000e+01 2.295607709884643632e-02
9.000000000000000000e+00 7.000000000000000000e+00 3.000000000000000000e+00 1.602330923080444447e-02
9.000000000000000000e+00 7.000000000000000000e+00 4.000000000000000000e+00 1.589448595046996995e-02
9.000000000000000000e+00 7.000000000000000000e+00 5.000000000000000000e+00 1.593679714202880793e-02
9.000000000000000000e+00 7.000000000000000000e+00 6.000000000000000000e+00 1.589740514755249093e-02
9.000000000000000000e+00 7.000000000000000000e+00 7.000000000000000000e+00 1.674736857414245439e-02
9.000000000000000000e+00 7.000000000000000000e+00 8.000000000000000000e+00 1.781599164009094183e-02
9.000000000000000000e+00 7.000000000000000000e+00 9.000000000000000000e+00 2.128693914413452154e-02
9.000000000000000000e+00 7.000000000000000000e+00 1.000000000000000000e+01 2.332691717147827165e-02
9.000000000000000000e+00 8.000000000000000000e+00 3.000000000000000000e+00 1.680790019035339339e-02
9.000000000000000000e+00 8.000000000000000000e+00 4.000000000000000000e+00 1.683963775634765569e-02
9.000000000000000000e+00 8.000000000000000000e+00 5.000000000000000000e+00 1.683688712120056177e-02
9.000000000000000000e+00 8.000000000000000000e+00 6.000000000000000000e+00 1.686009240150451727e-02
9.000000000000000000e+00 8.000000000000000000e+00 7.000000000000000000e+00 1.704093647003173881e-02
9.000000000000000000e+00 8.000000000000000000e+00 8.000000000000000000e+00 1.796459674835204981e-02
9.000000000000000000e+00 8.000000000000000000e+00 9.000000000000000000e+00 1.867477989196777294e-02
9.000000000000000000e+00 8.000000000000000000e+00 1.000000000000000000e+01 2.319322705268860030e-02
9.000000000000000000e+00 9.000000000000000000e+00 3.000000000000000000e+00 1.848698067665100267e-02
9.000000000000000000e+00 9.000000000000000000e+00 4.000000000000000000e+00 1.849480557441711415e-02
9.000000000000000000e+00 9.000000000000000000e+00 5.000000000000000000e+00 1.853206110000610307e-02
9.000000000000000000e+00 9.000000000000000000e+00 6.000000000000000000e+00 1.921485114097595120e-02
9.000000000000000000e+00 9.000000000000000000e+00 7.000000000000000000e+00 1.924241614341735962e-02
9.000000000000000000e+00 9.000000000000000000e+00 8.000000000000000000e+00 2.016677260398864677e-02
9.000000000000000000e+00 9.000000000000000000e+00 9.000000000000000000e+00 2.200101804733276337e-02
9.000000000000000000e+00 9.000000000000000000e+00 1.000000000000000000e+01 2.716973733901977689e-02
9.000000000000000000e+00 1.000000000000000000e+01 3.000000000000000000e+00 2.361979556083679266e-02
9.000000000000000000e+00 1.000000000000000000e+01 4.000000000000000000e+00 2.362798023223876970e-02
9.000000000000000000e+00 1.000000000000000000e+01 5.000000000000000000e+00 2.357102060317993117e-02
9.000000000000000000e+00 1.000000000000000000e+01 6.000000000000000000e+00 2.465427398681640722e-02
9.000000000000000000e+00 1.000000000000000000e+01 7.000000000000000000e+00 2.549018621444702065e-02
9.000000000000000000e+00 1.000000000000000000e+01 8.000000000000000000e+00 2.606595039367675878e-02
9.000000000000000000e+00 1.000000000000000000e+01 9.000000000000000000e+00 2.887190747261047380e-02
9.000000000000000000e+00 1.000000000000000000e+01 1.000000000000000000e+01 3.566721320152282937e-02
1.000000000000000000e+01 3.000000000000000000e+00 3.000000000000000000e+00 2.126947546005248865e-02
1.000000000000000000e+01 3.000000000000000000e+00 4.000000000000000000e+00 2.073306465148925734e-02
1.000000000000000000e+01 3.000000000000000000e+00 5.000000000000000000e+00 1.783733654022216786e-02
1.000000000000000000e+01 3.000000000000000000e+00 6.000000000000000000e+00 1.793912005424499675e-02
1.000000000000000000e+01 3.000000000000000000e+00 7.000000000000000000e+00 1.816748809814452970e-02
1.000000000000000000e+01 3.000000000000000000e+00 8.000000000000000000e+00 1.881605648994445767e-02
1.000000000000000000e+01 3.000000000000000000e+00 9.000000000000000000e+00 1.998310804367065333e-02
1.000000000000000000e+01 3.000000000000000000e+00 1.000000000000000000e+01 2.310385823249816797e-02
1.000000000000000000e+01 4.000000000000000000e+00 3.000000000000000000e+00 1.776761317253112635e-02
1.000000000000000000e+01 4.000000000000000000e+00 4.000000000000000000e+00 2.076801395416259799e-02
1.000000000000000000e+01 4.000000000000000000e+00 5.000000000000000000e+00 2.099889421463012676e-02
1.000000000000000000e+01 4.000000000000000000e+00 6.000000000000000000e+00 1.817275929450988883e-02
1.000000000000000000e+01 4.000000000000000000e+00 7.000000000000000000e+00 1.814697551727294939e-02
1.000000000000000000e+01 4.000000000000000000e+00 8.000000000000000000e+00 1.875033617019653334e-02
1.000000000000000000e+01 4.000000000000000000e+00 9.000000000000000000e+00 1.997562265396118225e-02
1.000000000000000000e+01 4.000000000000000000e+00 1.000000000000000000e+01 2.808807301521301300e-02
1.000000000000000000e+01 5.000000000000000000e+00 3.000000000000000000e+00 2.092796397209167533e-02
1.000000000000000000e+01 5.000000000000000000e+00 4.000000000000000000e+00 2.101627755165100253e-02
1.000000000000000000e+01 5.000000000000000000e+00 5.000000000000000000e+00 2.107273960113525274e-02
1.000000000000000000e+01 5.000000000000000000e+00 6.000000000000000000e+00 2.126703953742981046e-02
1.000000000000000000e+01 5.000000000000000000e+00 7.000000000000000000e+00 2.227408599853515636e-02
1.000000000000000000e+01 5.000000000000000000e+00 8.000000000000000000e+00 2.412130093574524001e-02
1.000000000000000000e+01 5.000000000000000000e+00 9.000000000000000000e+00 2.305598092079162720e-02
1.000000000000000000e+01 5.000000000000000000e+00 1.000000000000000000e+01 2.847277283668517983e-02
1.000000000000000000e+01 6.000000000000000000e+00 3.000000000000000000e+00 2.349499487876892043e-02
1.000000000000000000e+01 6.000000000000000000e+00 4.000000000000000000e+00 2.262930202484131001e-02
1.000000000000000000e+01 6.000000000000000000e+00 5.000000000000000000e+00 2.283114314079284779e-02
1.000000000000000000e+01 6.000000000000000000e+00 6.000000000000000000e+00 2.336445689201354856e-02
1.000000000000000000e+01 6.000000000000000000e+00 7.000000000000000000e+00 2.430714464187622159e-02
1.000000000000000000e+01 6.000000000000000000e+00 8.000000000000000000e+00 2.456190633773803686e-02
1.000000000000000000e+01 6.000000000000000000e+00 9.000000000000000000e+00 2.515665078163147050e-02
1.000000000000000000e+01 6.000000000000000000e+00 1.000000000000000000e+01 3.026958918571472090e-02
1.000000000000000000e+01 7.000000000000000000e+00 3.000000000000000000e+00 2.430605530738830580e-02
1.000000000000000000e+01 7.000000000000000000e+00 4.000000000000000000e+00 2.442072105407714841e-02
1.000000000000000000e+01 7.000000000000000000e+00 5.000000000000000000e+00 2.397394347190856881e-02
1.000000000000000000e+01 7.000000000000000000e+00 6.000000000000000000e+00 2.463431453704834073e-02
1.000000000000000000e+01 7.000000000000000000e+00 7.000000000000000000e+00 2.510315060615539440e-02
1.000000000000000000e+01 7.000000000000000000e+00 8.000000000000000000e+00 2.572478246688842882e-02
1.000000000000000000e+01 7.000000000000000000e+00 9.000000000000000000e+00 2.600096273422241103e-02
1.000000000000000000e+01 7.000000000000000000e+00 1.000000000000000000e+01 3.186927032470703025e-02
1.000000000000000000e+01 8.000000000000000000e+00 3.000000000000000000e+00 2.553271150588989208e-02
1.000000000000000000e+01 8.000000000000000000e+00 4.000000000000000000e+00 2.565534996986389149e-02
1.000000000000000000e+01 8.000000000000000000e+00 5.000000000000000000e+00 2.557862305641174158e-02
1.000000000000000000e+01 8.000000000000000000e+00 6.000000000000000000e+00 2.572931504249572829e-02
1.000000000000000000e+01 8.000000000000000000e+00 7.000000000000000000e+00 2.579059743881225580e-02
1.000000000000000000e+01 8.000000000000000000e+00 8.000000000000000000e+00 2.623349404335021881e-02
1.000000000000000000e+01 8.000000000000000000e+00 9.000000000000000000e+00 2.773042106628418116e-02
1.000000000000000000e+01 8.000000000000000000e+00 1.000000000000000000e+01 3.354668068885803545e-02
1.000000000000000000e+01 9.000000000000000000e+00 3.000000000000000000e+00 2.667449545860290511e-02
1.000000000000000000e+01 9.000000000000000000e+00 4.000000000000000000e+00 2.653193020820617670e-02
1.000000000000000000e+01 9.000000000000000000e+00 5.000000000000000000e+00 2.680674815177917433e-02
1.000000000000000000e+01 9.000000000000000000e+00 6.000000000000000000e+00 2.715157628059387124e-02
1.000000000000000000e+01 9.000000000000000000e+00 7.000000000000000000e+00 3.197314119338989097e-02
1.000000000000000000e+01 9.000000000000000000e+00 8.000000000000000000e+00 3.277345204353332431e-02
1.000000000000000000e+01 9.000000000000000000e+00 9.000000000000000000e+00 3.464299726486205766e-02
1.000000000000000000e+01 9.000000000000000000e+00 1.000000000000000000e+01 3.967642831802368347e-02
1.000000000000000000e+01 1.000000000000000000e+01 3.000000000000000000e+00 3.423955440521240373e-02
1.000000000000000000e+01 1.000000000000000000e+01 4.000000000000000000e+00 3.428832340240478560e-02
1.000000000000000000e+01 1.000000000000000000e+01 5.000000000000000000e+00 3.454538631439209306e-02
1.000000000000000000e+01 1.000000000000000000e+01 6.000000000000000000e+00 3.516094803810119324e-02
1.000000000000000000e+01 1.000000000000000000e+01 7.000000000000000000e+00 3.639960098266601524e-02
1.000000000000000000e+01 1.000000000000000000e+01 8.000000000000000000e+00 3.749530911445617815e-02
1.000000000000000000e+01 1.000000000000000000e+01 9.000000000000000000e+00 4.534650182723998918e-02
1.000000000000000000e+01 1.000000000000000000e+01 1.000000000000000000e+01 4.810667657852173151e-02
